CellID,allograft
possorted_genome_bam_NUJC8:AACCATGGTAGCGATGx,mt4Rf
possorted_genome_bam_NUJC8:AAAGCAAAGGCGACATx,mt4Rf
possorted_genome_bam_NUJC8:AAAGTAGAGCCAGAACx,mt4Rf
possorted_genome_bam_NUJC8:AAATGCCTCAACCAACx,mt4Rf
possorted_genome_bam_NUJC8:AAACGGGCATTCACTTx,mt4Rf
possorted_genome_bam_NUJC8:AAAGTAGGTAAGAGAGx,mt4Rf
possorted_genome_bam_NUJC8:AAAGCAATCATGGTCAx,mt4Rf
possorted_genome_bam_NUJC8:AACTCAGCAGCCACCAx,mt4Rf
possorted_genome_bam_NUJC8:AAAGCAAGTCGTGGCTx,mt4Rf
possorted_genome_bam_NUJC8:AACTCAGAGCTGAAATx,mt4Rf
possorted_genome_bam_NUJC8:AAAGCAATCGTGGTCGx,mt4Rf
possorted_genome_bam_NUJC8:AAAGATGTCTGGCGTGx,mt4Rf
possorted_genome_bam_NUJC8:AAACCTGGTGATAAACx,mt4Rf
possorted_genome_bam_NUJC8:AAACCTGTCTGGAGCCx,mt4Rf
possorted_genome_bam_NUJC8:AAATGCCTCCCTAATTx,mt4Rf
possorted_genome_bam_NUJC8:AAAGTAGGTCCGAACCx,mt4Rf
possorted_genome_bam_NUJC8:AACGTTGTCATGCAACx,mt4Rf
possorted_genome_bam_NUJC8:AAACGGGGTGGTCTCGx,mt4Rf
possorted_genome_bam_NUJC8:AAACGGGTCCGCGGTAx,mt4Rf
possorted_genome_bam_NUJC8:AAAGCAATCCGCGCAAx,mt4Rf
possorted_genome_bam_NUJC8:AACGTTGAGGTCATCTx,mt4Rf
possorted_genome_bam_NUJC8:AACCGCGAGACCGGATx,mt4Rf
possorted_genome_bam_NUJC8:AACCATGAGGCTAGCAx,mt4Rf
possorted_genome_bam_NUJC8:AACGTTGAGTCCAGGAx,mt4Rf
possorted_genome_bam_NUJC8:AACACGTGTAAGTTCCx,mt4Rf
possorted_genome_bam_NUJC8:AAACCTGGTTATTCTCx,mt4Rf
possorted_genome_bam_NUJC8:AAAGCAAAGTGGGTTGx,mt4Rf
possorted_genome_bam_NUJC8:AACCATGGTTAGGGTGx,mt4Rf
possorted_genome_bam_NUJC8:AAACCTGCATGAGCGAx,mt4Rf
possorted_genome_bam_NUJC8:AACGTTGAGTGGGATCx,mt4Rf
possorted_genome_bam_NUJC8:AACTCAGGTTGTTTGGx,mt4Rf
possorted_genome_bam_NUJC8:AAAGTAGAGATGCCTTx,mt4Rf
possorted_genome_bam_NUJC8:AAAGATGAGAGCCCAAx,mt4Rf
possorted_genome_bam_NUJC8:AAACCTGGTTGACGTTx,mt4Rf
possorted_genome_bam_NUJC8:AACACGTTCGCTTGTCx,mt4Rf
possorted_genome_bam_NUJC8:AAACCTGAGCCACGTCx,mt4Rf
possorted_genome_bam_NUJC8:AACCGCGAGTGTCCCGx,mt4Rf
possorted_genome_bam_NUJC8:AAAGTAGTCCACTGGGx,mt4Rf
possorted_genome_bam_NUJC8:AACCATGGTGCTTCTCx,mt4Rf
possorted_genome_bam_NUJC8:AACCGCGTCAGCAACTx,mt4Rf
possorted_genome_bam_NUJC8:AAAGTAGTCCTTTACAx,mt4Rf
possorted_genome_bam_NUJC8:AACGTTGCACATGTGTx,mt4Rf
possorted_genome_bam_NUJC8:AACACGTAGTAAGTACx,mt4Rf
possorted_genome_bam_NUJC8:AACACGTCATGTTGACx,mt4Rf
possorted_genome_bam_NUJC8:AACCGCGGTCATTAGCx,mt4Rf
possorted_genome_bam_NUJC8:AAACGGGCACACATGTx,mt4Rf
possorted_genome_bam_NUJC8:AAAGTAGCATGAACCTx,mt4Rf
possorted_genome_bam_NUJC8:AAAGCAACACACCGACx,mt4Rf
possorted_genome_bam_NUJC8:AACACGTTCTTGCCGTx,mt4Rf
possorted_genome_bam_NUJC8:AAAGTAGTCTCAAGTGx,mt4Rf
possorted_genome_bam_NUJC8:AAAGCAAAGCCATCGCx,mt4Rf
possorted_genome_bam_NUJC8:AAAGATGGTGGTAACGx,mt4Rf
possorted_genome_bam_NUJC8:AAATGCCCAGCTGTGCx,mt4Rf
possorted_genome_bam_NUJC8:AAAGCAAAGACTGGGTx,mt4Rf
possorted_genome_bam_NUJC8:AAACGGGTCCACGTGGx,mt4Rf
possorted_genome_bam_NUJC8:AAAGTAGGTCGCGAAAx,mt4Rf
possorted_genome_bam_NUJC8:AACACGTTCGCTTAGAx,mt4Rf
possorted_genome_bam_NUJC8:AACCGCGTCGGAGCAAx,mt4Rf
possorted_genome_bam_NUJC8:AACTCAGAGCTGAACGx,mt4Rf
possorted_genome_bam_NUJC8:AAAGATGTCGATCCCTx,mt4Rf
possorted_genome_bam_NUJC8:AAACGGGGTCTTGCGGx,mt4Rf
possorted_genome_bam_NUJC8:AAACGGGCAATAACGAx,mt4Rf
possorted_genome_bam_NUJC8:AAACCTGGTTGTTTGGx,mt4Rf
possorted_genome_bam_NUJC8:AAAGTAGCAAGTTAAGx,mt4Rf
possorted_genome_bam_NUJC8:AAACCTGCAGACGCCTx,mt4Rf
possorted_genome_bam_NUJC8:AACGTTGGTCTTGCGGx,mt4Rf
possorted_genome_bam_NUJC8:AACACGTGTTGGAGGTx,mt4Rf
possorted_genome_bam_NUJC8:AAACCTGCAACTGCTAx,mt4Rf
possorted_genome_bam_NUJC8:AACACGTTCGAGCCCAx,mt4Rf
possorted_genome_bam_NUJC8:AACCGCGCACTAGTACx,mt4Rf
possorted_genome_bam_NUJC8:AAAGCAACATACCATGx,mt4Rf
possorted_genome_bam_NUJC8:AAACGGGCACTGTCGGx,mt4Rf
possorted_genome_bam_NUJC8:AACTCAGGTATGGTTCx,mt4Rf
possorted_genome_bam_NUJC8:AACCATGGTGGTCCGTx,mt4Rf
possorted_genome_bam_NUJC8:AACACGTTCGTCGTTCx,mt4Rf
possorted_genome_bam_NUJC8:AAAGCAAGTAGAGTGCx,mt4Rf
possorted_genome_bam_NUJC8:AAACGGGCAGGATTGGx,mt4Rf
possorted_genome_bam_NUJC8:AAAGATGGTTGTTTGGx,mt4Rf
possorted_genome_bam_NUJC8:AACCGCGGTGTTCGATx,mt4Rf
possorted_genome_bam_NUJC8:AACGTTGCAAGGTTTCx,mt4Rf
possorted_genome_bam_NUJC8:AACCGCGCACGACGAAx,mt4Rf
possorted_genome_bam_NUJC8:AAAGCAATCGCCTGTTx,mt4Rf
possorted_genome_bam_NUJC8:AAAGCAAGTACATGTCx,mt4Rf
possorted_genome_bam_NUJC8:AACACGTTCTGATTCTx,mt4Rf
possorted_genome_bam_NUJC8:AACCGCGCAAATCCGTx,mt4Rf
possorted_genome_bam_NUJC8:AACACGTGTCTTTCATx,mt4Rf
possorted_genome_bam_NUJC8:AACCATGAGACCGGATx,mt4Rf
possorted_genome_bam_NUJC8:AACTCCCAGATCGATAx,mt4Rf
possorted_genome_bam_NUJC8:AACCATGTCAGGTAAAx,mt4Rf
possorted_genome_bam_NUJC8:AAAGTAGCACAGGCCTx,mt4Rf
possorted_genome_bam_NUJC8:AAAGCAACAAAGTCAAx,mt4Rf
possorted_genome_bam_NUJC8:AAAGTAGGTCACTTCCx,mt4Rf
possorted_genome_bam_NUJC8:AACTCAGCATGTTGACx,mt4Rf
possorted_genome_bam_NUJC8:AACCGCGGTCAACATCx,mt4Rf
possorted_genome_bam_NUJC8:AACTCAGCATTGGGCCx,mt4Rf
possorted_genome_bam_NUJC8:AACTCAGAGTAGCGGTx,mt4Rf
possorted_genome_bam_NUJC8:AACACGTTCACCACCTx,mt4Rf
possorted_genome_bam_NUJC8:AAACGGGGTATGGTTCx,mt4Rf
possorted_genome_bam_NUJC8:AAAGTAGGTGTGACGAx,mt4Rf
possorted_genome_bam_NUJC8:ACACCAACATGAAGTAx,mt4Rf
possorted_genome_bam_NUJC8:AACTGGTCACGTCAGCx,mt4Rf
possorted_genome_bam_NUJC8:AAGGTTCTCTACCTGCx,mt4Rf
possorted_genome_bam_NUJC8:AACTCTTAGAGTACCGx,mt4Rf
possorted_genome_bam_NUJC8:AATCGGTTCCTTCAATx,mt4Rf
possorted_genome_bam_NUJC8:AACTCCCAGCTGCCCAx,mt4Rf
possorted_genome_bam_NUJC8:AAGGTTCCAGATGGCAx,mt4Rf
possorted_genome_bam_NUJC8:AACTCTTAGCGCCTTGx,mt4Rf
possorted_genome_bam_NUJC8:AAGTCTGGTTACGCGCx,mt4Rf
possorted_genome_bam_NUJC8:AACTCCCTCGACGGAAx,mt4Rf
possorted_genome_bam_NUJC8:AACTCCCGTACTCAACx,mt4Rf
possorted_genome_bam_NUJC8:AACTCTTCAAGACGTGx,mt4Rf
possorted_genome_bam_NUJC8:AAGTCTGTCTGCGACGx,mt4Rf
possorted_genome_bam_NUJC8:AATCCAGTCGTTTAGGx,mt4Rf
possorted_genome_bam_NUJC8:AAGCCGCGTGTTTGTGx,mt4Rf
possorted_genome_bam_NUJC8:AAGTCTGCAGTGGGATx,mt4Rf
possorted_genome_bam_NUJC8:ACACCAACATTCGACAx,mt4Rf
possorted_genome_bam_NUJC8:AACTGGTAGGTGCTTTx,mt4Rf
possorted_genome_bam_NUJC8:AACTCTTAGTGTTTGCx,mt4Rf
possorted_genome_bam_NUJC8:AATCGGTTCCTCAATTx,mt4Rf
possorted_genome_bam_NUJC8:AAGGCAGGTAGGCTGAx,mt4Rf
possorted_genome_bam_NUJC8:AAGGTTCTCACCTTATx,mt4Rf
possorted_genome_bam_NUJC8:ACACCAAGTCGACTGCx,mt4Rf
possorted_genome_bam_NUJC8:AACTTTCGTTGCTCCTx,mt4Rf
possorted_genome_bam_NUJC8:AACTCTTGTTAGTGGGx,mt4Rf
possorted_genome_bam_NUJC8:AAGTCTGTCCCAGGTGx,mt4Rf
possorted_genome_bam_NUJC8:AACTTTCCAAGCGAGTx,mt4Rf
possorted_genome_bam_NUJC8:AAGACCTCAAATCCGTx,mt4Rf
possorted_genome_bam_NUJC8:AATCCAGTCAGTCCCTx,mt4Rf
possorted_genome_bam_NUJC8:AATCGGTGTGTCCTCTx,mt4Rf
possorted_genome_bam_NUJC8:AATCCAGCAAGCTGAGx,mt4Rf
possorted_genome_bam_NUJC8:AACTCCCGTAGATTAGx,mt4Rf
possorted_genome_bam_NUJC8:AACTCTTCAAGCGATGx,mt4Rf
possorted_genome_bam_NUJC8:AACTCCCAGGGTATCGx,mt4Rf
possorted_genome_bam_NUJC8:AAGTCTGAGAGGGCTTx,mt4Rf
possorted_genome_bam_NUJC8:AACTTTCTCCGCGTTTx,mt4Rf
possorted_genome_bam_NUJC8:AAGCCGCGTTTGGCGCx,mt4Rf
possorted_genome_bam_NUJC8:AAGACCTGTACCGGCTx,mt4Rf
possorted_genome_bam_NUJC8:ACACCAAAGACTTTCGx,mt4Rf
possorted_genome_bam_NUJC8:AATCCAGGTGGTAACGx,mt4Rf
possorted_genome_bam_NUJC8:ACACCAAAGTGTACTCx,mt4Rf
possorted_genome_bam_NUJC8:AAGGTTCAGGGAACGGx,mt4Rf
possorted_genome_bam_NUJC8:AACTGGTCATCCCACTx,mt4Rf
possorted_genome_bam_NUJC8:AACTTTCTCTGACCTCx,mt4Rf
possorted_genome_bam_NUJC8:AACTCCCCATTGGTACx,mt4Rf
possorted_genome_bam_NUJC8:AACTCTTCATACTCTTx,mt4Rf
possorted_genome_bam_NUJC8:AATCCAGCAATAGAGTx,mt4Rf
possorted_genome_bam_NUJC8:AACTGGTTCTTCTGGCx,mt4Rf
possorted_genome_bam_NUJC8:AACTCTTTCCGTAGGCx,mt4Rf
possorted_genome_bam_NUJC8:AAGGCAGTCATCGATGx,mt4Rf
possorted_genome_bam_NUJC8:AAGGCAGCATTTCACTx,mt4Rf
possorted_genome_bam_NUJC8:AATCGGTCAATAGCGGx,mt4Rf
possorted_genome_bam_NUJC8:AAGTCTGTCCGATATGx,mt4Rf
possorted_genome_bam_NUJC8:AAGACCTCAAACGTGGx,mt4Rf
possorted_genome_bam_NUJC8:AAGACCTGTTCGTGATx,mt4Rf
possorted_genome_bam_NUJC8:ACACCAAGTTCACGGCx,mt4Rf
possorted_genome_bam_NUJC8:AAGCCGCTCGTGACATx,mt4Rf
possorted_genome_bam_NUJC8:AACTGGTAGCACCGTCx,mt4Rf
possorted_genome_bam_NUJC8:AAGGTTCTCGTGTAGTx,mt4Rf
possorted_genome_bam_NUJC8:AACTGGTCATCCTTGCx,mt4Rf
possorted_genome_bam_NUJC8:AAGCCGCAGCTAACAAx,mt4Rf
possorted_genome_bam_NUJC8:AAGACCTCATGGGACAx,mt4Rf
possorted_genome_bam_NUJC8:AACTGGTCAACGCACCx,mt4Rf
possorted_genome_bam_NUJC8:AACTCCCGTCTCACCTx,mt4Rf
possorted_genome_bam_NUJC8:AAGGCAGCAAAGGAAGx,mt4Rf
possorted_genome_bam_NUJC8:AAGGAGCCACCTCGTTx,mt4Rf
possorted_genome_bam_NUJC8:AATCGGTTCACCGTAAx,mt4Rf
possorted_genome_bam_NUJC8:AACTGGTTCCATGCTCx,mt4Rf
possorted_genome_bam_NUJC8:AAGCCGCCAGCCAGAAx,mt4Rf
possorted_genome_bam_NUJC8:AAGTCTGTCGTTGACAx,mt4Rf
possorted_genome_bam_NUJC8:AACTGGTAGCTTTGGTx,mt4Rf
possorted_genome_bam_NUJC8:AAGCCGCAGATGCCAGx,mt4Rf
possorted_genome_bam_NUJC8:AAGACCTCATCTGGTAx,mt4Rf
possorted_genome_bam_NUJC8:AACTCTTCATCGATGTx,mt4Rf
possorted_genome_bam_NUJC8:AACTCTTAGTGAAGAGx,mt4Rf
possorted_genome_bam_NUJC8:AACTGGTAGAAGGTTTx,mt4Rf
possorted_genome_bam_NUJC8:AAGCCGCTCGTCCAGGx,mt4Rf
possorted_genome_bam_NUJC8:AAGGTTCCAATAGCGGx,mt4Rf
possorted_genome_bam_NUJC8:AAGGTTCGTGGCTCCAx,mt4Rf
possorted_genome_bam_NUJC8:AAGCCGCAGTCTTGCAx,mt4Rf
possorted_genome_bam_NUJC8:ACACCAAAGGCGTACAx,mt4Rf
possorted_genome_bam_NUJC8:ACACCAATCGCATGATx,mt4Rf
possorted_genome_bam_NUJC8:AAGGCAGAGATATGGTx,mt4Rf
possorted_genome_bam_NUJC8:AAGTCTGCATCACCCTx,mt4Rf
possorted_genome_bam_NUJC8:AAGGCAGCAACACCTAx,mt4Rf
possorted_genome_bam_NUJC8:AATCGGTAGGCGTACAx,mt4Rf
possorted_genome_bam_NUJC8:AAGGCAGAGGGAGTAAx,mt4Rf
possorted_genome_bam_NUJC8:AAGGCAGTCCAAACACx,mt4Rf
possorted_genome_bam_NUJC8:AAGCCGCGTACATCCAx,mt4Rf
possorted_genome_bam_NUJC8:AAGACCTAGCCAGTTTx,mt4Rf
possorted_genome_bam_NUJC8:AAGACCTCACTGAAGGx,mt4Rf
possorted_genome_bam_NUJC8:ACACCAAGTATATGAGx,mt4Rf
possorted_genome_bam_NUJC8:AAGGTTCAGTAGATGTx,mt4Rf
possorted_genome_bam_NUJC8:AATCCAGTCTTCGAGAx,mt4Rf
possorted_genome_bam_NUJC8:AACTCTTTCAGTTAGCx,mt4Rf
possorted_genome_bam_NUJC8:ACACCAAGTCTCTTTAx,mt4Rf
possorted_genome_bam_NUJC8:AACTGGTAGCGGCTTCx,mt4Rf
possorted_genome_bam_NUJC8:AATCCAGTCGGAGGTAx,mt4Rf
possorted_genome_bam_NUJC8:ACACCAAAGTCATCCAx,mt4Rf
possorted_genome_bam_NUJC8:AAGACCTAGATAGTCAx,mt4Rf
possorted_genome_bam_NUJC8:ACATGGTCATGGGAACx,mt4Rf
possorted_genome_bam_NUJC8:ACCAGTAAGAAGGTGAx,mt4Rf
possorted_genome_bam_NUJC8:ACACCCTCAATGTTGCx,mt4Rf
possorted_genome_bam_NUJC8:ACATCAGAGAGTGACCx,mt4Rf
possorted_genome_bam_NUJC8:ACATGGTCACAGAGGTx,mt4Rf
possorted_genome_bam_NUJC8:ACATGGTGTTGCGCACx,mt4Rf
possorted_genome_bam_NUJC8:ACACCGGTCTGGAGCCx,mt4Rf
possorted_genome_bam_NUJC8:ACATCAGGTGGGTCAAx,mt4Rf
possorted_genome_bam_NUJC8:ACATCAGAGGCGACATx,mt4Rf
possorted_genome_bam_NUJC8:ACATACGGTCTAGCCGx,mt4Rf
possorted_genome_bam_NUJC8:ACAGCCGCAGCGTAAGx,mt4Rf
possorted_genome_bam_NUJC8:ACCAGTAAGTACTTGCx,mt4Rf
possorted_genome_bam_NUJC8:ACCGTAACATTCTCATx,mt4Rf
possorted_genome_bam_NUJC8:ACATACGGTACAGTGGx,mt4Rf
possorted_genome_bam_NUJC8:ACACCAATCGGCTTGGx,mt4Rf
possorted_genome_bam_NUJC8:ACCTTTAAGGAGCGAGx,mt4Rf
possorted_genome_bam_NUJC8:ACCAGTACATCCCATCx,mt4Rf
possorted_genome_bam_NUJC8:ACATCAGAGTGTTTGCx,mt4Rf
possorted_genome_bam_NUJC8:ACATGGTAGGTGGGTTx,mt4Rf
possorted_genome_bam_NUJC8:ACCCACTCACTCGACGx,mt4Rf
possorted_genome_bam_NUJC8:ACACCGGGTCTTCAAGx,mt4Rf
possorted_genome_bam_NUJC8:ACCTTTACAGTGAGTGx,mt4Rf
possorted_genome_bam_NUJC8:ACCGTAAGTGCGATAGx,mt4Rf
possorted_genome_bam_NUJC8:ACCCACTCAAGTAATGx,mt4Rf
possorted_genome_bam_NUJC8:ACATCAGCAGGTGCCTx,mt4Rf
possorted_genome_bam_NUJC8:ACACCCTCAAGCTGTTx,mt4Rf
possorted_genome_bam_NUJC8:ACCCACTCAGGCGATAx,mt4Rf
possorted_genome_bam_NUJC8:ACAGCCGGTTCCGGCAx,mt4Rf
possorted_genome_bam_NUJC8:ACACTGATCTGATACGx,mt4Rf
possorted_genome_bam_NUJC8:ACACTGACACCCAGTGx,mt4Rf
possorted_genome_bam_NUJC8:ACAGCTAGTCAAGCGAx,mt4Rf
possorted_genome_bam_NUJC8:ACATACGCAGGGAGAGx,mt4Rf
possorted_genome_bam_NUJC8:ACATCAGCATCACGATx,mt4Rf
possorted_genome_bam_NUJC8:ACACCGGAGAACTCGGx,mt4Rf
possorted_genome_bam_NUJC8:ACAGCCGTCGTTTGCCx,mt4Rf
possorted_genome_bam_NUJC8:ACCGTAAGTCTTCAAGx,mt4Rf
possorted_genome_bam_NUJC8:ACATCAGCACGTGAGAx,mt4Rf
possorted_genome_bam_NUJC8:ACCCACTCATATACGCx,mt4Rf
possorted_genome_bam_NUJC8:ACATACGCACACAGAGx,mt4Rf
possorted_genome_bam_NUJC8:ACCCACTCAGGTCTCGx,mt4Rf
possorted_genome_bam_NUJC8:ACCGTAAAGCGAAGGGx,mt4Rf
possorted_genome_bam_NUJC8:ACCCACTCAGACGCCTx,mt4Rf
possorted_genome_bam_NUJC8:ACATGGTCAAGTTCTGx,mt4Rf
possorted_genome_bam_NUJC8:ACCGTAAGTGGGTCAAx,mt4Rf
possorted_genome_bam_NUJC8:ACAGCTAAGCATGGCAx,mt4Rf
possorted_genome_bam_NUJC8:ACCTTTAAGCGATATAx,mt4Rf
possorted_genome_bam_NUJC8:ACAGCCGCACGGTAAGx,mt4Rf
possorted_genome_bam_NUJC8:ACCAGTATCAGCTCTCx,mt4Rf
possorted_genome_bam_NUJC8:ACATACGGTACGACCCx,mt4Rf
possorted_genome_bam_NUJC8:ACATGGTCATCCGTGGx,mt4Rf
possorted_genome_bam_NUJC8:ACACCCTAGGGCATGTx,mt4Rf
possorted_genome_bam_NUJC8:ACATGGTAGAGCTATAx,mt4Rf
possorted_genome_bam_NUJC8:ACATCAGTCATAAAGGx,mt4Rf
possorted_genome_bam_NUJC8:ACACCGGCACTAAGTCx,mt4Rf
possorted_genome_bam_NUJC8:ACAGCCGCACGGTAGAx,mt4Rf
possorted_genome_bam_NUJC8:ACATGGTCATCCCACTx,mt4Rf
possorted_genome_bam_NUJC8:ACCTTTACAATTGCTGx,mt4Rf
possorted_genome_bam_NUJC8:ACACCGGCAAGGTGTGx,mt4Rf
possorted_genome_bam_NUJC8:ACATACGCAACACGCCx,mt4Rf
possorted_genome_bam_NUJC8:ACAGCCGAGTGTTGAAx,mt4Rf
possorted_genome_bam_NUJC8:ACATCAGCATGAAGTAx,mt4Rf
possorted_genome_bam_NUJC8:ACAGCCGAGTCCAGGAx,mt4Rf
possorted_genome_bam_NUJC8:ACACCCTAGAGCCCAAx,mt4Rf
possorted_genome_bam_NUJC8:ACACTGAGTAGAAAGGx,mt4Rf
possorted_genome_bam_NUJC8:ACCAGTACATGCATGTx,mt4Rf
possorted_genome_bam_NUJC8:ACATCAGGTTCTCATTx,mt4Rf
possorted_genome_bam_NUJC8:ACAGCCGCATCGGTTAx,mt4Rf
possorted_genome_bam_NUJC8:ACATGGTAGTGTACTCx,mt4Rf
possorted_genome_bam_NUJC8:ACAGCCGAGACTTTCGx,mt4Rf
possorted_genome_bam_NUJC8:ACACTGACACGGTGTCx,mt4Rf
possorted_genome_bam_NUJC8:ACACTGAGTCTGCGGTx,mt4Rf
possorted_genome_bam_NUJC8:ACAGCCGCATGGGAACx,mt4Rf
possorted_genome_bam_NUJC8:ACATACGTCTCGATGAx,mt4Rf
possorted_genome_bam_NUJC8:ACAGCTAGTCTCTCTGx,mt4Rf
possorted_genome_bam_NUJC8:ACATGGTAGATGGCGTx,mt4Rf
possorted_genome_bam_NUJC8:ACATACGTCAGTGCATx,mt4Rf
possorted_genome_bam_NUJC8:ACATACGCAGTGACAGx,mt4Rf
possorted_genome_bam_NUJC8:ACCTTTACAAGGTTTCx,mt4Rf
possorted_genome_bam_NUJC8:ACACCCTGTCTGGAGAx,mt4Rf
possorted_genome_bam_NUJC8:ACACTGAGTCGCGTGTx,mt4Rf
possorted_genome_bam_NUJC8:ACATCAGCATCTATGGx,mt4Rf
possorted_genome_bam_NUJC8:ACACTGATCAACACGTx,mt4Rf
possorted_genome_bam_NUJC8:ACCGTAACAATAGCAAx,mt4Rf
possorted_genome_bam_NUJC8:ACCCACTGTCGGGTCTx,mt4Rf
possorted_genome_bam_NUJC8:ACCGTAAGTACTCTCCx,mt4Rf
possorted_genome_bam_NUJC8:ACAGCTAAGGAGTACCx,mt4Rf
possorted_genome_bam_NUJC8:ACCGTAATCAGTCAGTx,mt4Rf
possorted_genome_bam_NUJC8:ACATACGGTATGAAACx,mt4Rf
possorted_genome_bam_NUJC8:ACACTGATCAACCATGx,mt4Rf
possorted_genome_bam_NUJC8:ACCGTAAGTTCCATGAx,mt4Rf
possorted_genome_bam_NUJC8:ACAGCTATCACGACTAx,mt4Rf
possorted_genome_bam_NUJC8:ACACTGAAGCACCGCTx,mt4Rf
possorted_genome_bam_NUJC8:ACCGTAAAGTGACATAx,mt4Rf
possorted_genome_bam_NUJC8:ACATGGTCATACTACGx,mt4Rf
possorted_genome_bam_NUJC8:ACCGTAACATTTCAGGx,mt4Rf
possorted_genome_bam_NUJC8:ACGATACAGGTGCAACx,mt4Rf
possorted_genome_bam_NUJC8:ACGCCGATCATCTGTTx,mt4Rf
possorted_genome_bam_NUJC8:ACGATACCATTTCAGGx,mt4Rf
possorted_genome_bam_NUJC8:ACGGCCAGTCTGATCAx,mt4Rf
possorted_genome_bam_NUJC8:ACGGGCTGTTATTCTCx,mt4Rf
possorted_genome_bam_NUJC8:ACGCCAGAGGTGCTAGx,mt4Rf
possorted_genome_bam_NUJC8:ACGCCGACAAGTAATGx,mt4Rf
possorted_genome_bam_NUJC8:ACCTTTACATCCGCGAx,mt4Rf
possorted_genome_bam_NUJC8:ACGATGTAGTGCAAGCx,mt4Rf
possorted_genome_bam_NUJC8:ACGATACTCTCGCTTGx,mt4Rf
possorted_genome_bam_NUJC8:ACGATACCACAGTCGCx,mt4Rf
possorted_genome_bam_NUJC8:ACCTTTATCGTCACGGx,mt4Rf
possorted_genome_bam_NUJC8:ACGCCAGAGGGCACTAx,mt4Rf
possorted_genome_bam_NUJC8:ACGCCGAGTAGCGCAAx,mt4Rf
possorted_genome_bam_NUJC8:ACGATACTCACCGGGTx,mt4Rf
possorted_genome_bam_NUJC8:ACGGGTCGTCCGTCAGx,mt4Rf
possorted_genome_bam_NUJC8:ACGATGTTCGGTGTCGx,mt4Rf
possorted_genome_bam_NUJC8:ACGAGCCCAGTATCTGx,mt4Rf
possorted_genome_bam_NUJC8:ACGCCAGCATCATCCCx,mt4Rf
possorted_genome_bam_NUJC8:ACGAGCCAGTGTACGGx,mt4Rf
possorted_genome_bam_NUJC8:ACGATGTTCTACCTGCx,mt4Rf
possorted_genome_bam_NUJC8:ACGCCAGAGTCAAGGCx,mt4Rf
possorted_genome_bam_NUJC8:ACGGGTCCAAACAACAx,mt4Rf
possorted_genome_bam_NUJC8:ACGAGCCGTCACTTCCx,mt4Rf
possorted_genome_bam_NUJC8:ACGGGTCTCCGTAGTAx,mt4Rf
possorted_genome_bam_NUJC8:ACGGGCTGTTCGCGACx,mt4Rf
possorted_genome_bam_NUJC8:ACGGGTCGTAAACACAx,mt4Rf
possorted_genome_bam_NUJC8:ACGTCAAAGTAGGTGCx,mt4Rf
possorted_genome_bam_NUJC8:ACGGAGATCCTGCCATx,mt4Rf
possorted_genome_bam_NUJC8:ACGAGCCAGTACATGAx,mt4Rf
possorted_genome_bam_NUJC8:ACGAGCCGTCTAGAGGx,mt4Rf
possorted_genome_bam_NUJC8:ACGGGTCGTGATAAACx,mt4Rf
possorted_genome_bam_NUJC8:ACGAGGAGTCCGTCAGx,mt4Rf
possorted_genome_bam_NUJC8:ACGAGCCCAGACGCTCx,mt4Rf
possorted_genome_bam_NUJC8:ACGCAGCCAGGCTGAAx,mt4Rf
possorted_genome_bam_NUJC8:ACGGGTCTCACGATGTx,mt4Rf
possorted_genome_bam_NUJC8:ACGGCCAAGAATGTTGx,mt4Rf
possorted_genome_bam_NUJC8:ACGGAGAGTATTCGTGx,mt4Rf
possorted_genome_bam_NUJC8:ACGAGCCAGCAAATCAx,mt4Rf
possorted_genome_bam_NUJC8:ACGCCAGAGTTAAGTGx,mt4Rf
possorted_genome_bam_NUJC8:ACGGGTCTCAGGTTCAx,mt4Rf
possorted_genome_bam_NUJC8:ACGGGTCCATCACGATx,mt4Rf
possorted_genome_bam_NUJC8:ACGGGCTCAGACACTTx,mt4Rf
possorted_genome_bam_NUJC8:ACGATGTTCAACGAAAx,mt4Rf
possorted_genome_bam_NUJC8:ACGGAGAGTTCCACGGx,mt4Rf
possorted_genome_bam_NUJC8:ACGCAGCTCATTTGGGx,mt4Rf
possorted_genome_bam_NUJC8:ACCTTTAGTAGCCTCGx,mt4Rf
possorted_genome_bam_NUJC8:ACGGGTCTCGTTTGCCx,mt4Rf
possorted_genome_bam_NUJC8:ACGGGCTCAGCCAATTx,mt4Rf
possorted_genome_bam_NUJC8:ACGATACCAGCTTAACx,mt4Rf
possorted_genome_bam_NUJC8:ACGCAGCGTCTGCCAGx,mt4Rf
possorted_genome_bam_NUJC8:ACGGAGAAGATATACGx,mt4Rf
possorted_genome_bam_NUJC8:ACGGGCTCAGCATACTx,mt4Rf
possorted_genome_bam_NUJC8:ACGCAGCTCGAGCCCAx,mt4Rf
possorted_genome_bam_NUJC8:ACGGGCTGTAAGAGAGx,mt4Rf
possorted_genome_bam_NUJC8:ACGGGCTTCGTCGTTCx,mt4Rf
possorted_genome_bam_NUJC8:ACGGAGACACGTCTCTx,mt4Rf
possorted_genome_bam_NUJC8:ACGGAGACAGGGTATGx,mt4Rf
possorted_genome_bam_NUJC8:ACGGAGAGTATCAGTCx,mt4Rf
possorted_genome_bam_NUJC8:ACGATACGTTACGGAGx,mt4Rf
possorted_genome_bam_NUJC8:ACGCAGCGTGGAAAGAx,mt4Rf
possorted_genome_bam_NUJC8:ACGGCCACACAGACAGx,mt4Rf
possorted_genome_bam_NUJC8:ACGGCCAAGTTCGCGCx,mt4Rf
possorted_genome_bam_NUJC8:ACGCAGCAGGCTCTTAx,mt4Rf
possorted_genome_bam_NUJC8:ACGGGTCTCAAGATCCx,mt4Rf
possorted_genome_bam_NUJC8:ACGGCCAAGTCCGGTCx,mt4Rf
possorted_genome_bam_NUJC8:ACCTTTACATGGATGGx,mt4Rf
possorted_genome_bam_NUJC8:ACGAGCCTCATCGCTCx,mt4Rf
possorted_genome_bam_NUJC8:ACGAGGATCAGAGACGx,mt4Rf
possorted_genome_bam_NUJC8:ACGCAGCTCTCATTCAx,mt4Rf
possorted_genome_bam_NUJC8:ACGAGCCTCGTCTGAAx,mt4Rf
possorted_genome_bam_NUJC8:ACGCCGATCCATGAGTx,mt4Rf
possorted_genome_bam_NUJC8:ACGGCCATCTGCTGTCx,mt4Rf
possorted_genome_bam_NUJC8:ACGCAGCAGTGGTCCCx,mt4Rf
possorted_genome_bam_NUJC8:ACGAGCCAGATATGCAx,mt4Rf
possorted_genome_bam_NUJC8:ACGGGTCAGAGCAATTx,mt4Rf
possorted_genome_bam_NUJC8:ACGGCCATCATCATTCx,mt4Rf
possorted_genome_bam_NUJC8:ACCTTTAGTTGGACCCx,mt4Rf
possorted_genome_bam_NUJC8:ACGATACGTAGGCATGx,mt4Rf
possorted_genome_bam_NUJC8:ACGCCGAGTTTGGGCCx,mt4Rf
possorted_genome_bam_NUJC8:ACGATACCACAAGCCCx,mt4Rf
possorted_genome_bam_NUJC8:ACGGAGACATCCGTGGx,mt4Rf
possorted_genome_bam_NUJC8:ACGGGCTCATAGACTCx,mt4Rf
possorted_genome_bam_NUJC8:ACGGGTCCATAAAGGTx,mt4Rf
possorted_genome_bam_NUJC8:ACGCAGCAGCGCCTTGx,mt4Rf
possorted_genome_bam_NUJC8:ACGATACGTTGTGGAGx,mt4Rf
possorted_genome_bam_NUJC8:ACGGGTCTCCAAAGTCx,mt4Rf
possorted_genome_bam_NUJC8:ACGGAGATCGGCATCGx,mt4Rf
possorted_genome_bam_NUJC8:ACGATGTCAAGAGGCTx,mt4Rf
possorted_genome_bam_NUJC8:ACGCCAGCACCTGGTGx,mt4Rf
possorted_genome_bam_NUJC8:ACCTTTATCAACTCTTx,mt4Rf
possorted_genome_bam_NUJC8:ACGATACTCTCTGCTGx,mt4Rf
possorted_genome_bam_NUJC8:ACGAGCCTCGGGAGTAx,mt4Rf
possorted_genome_bam_NUJC8:ACGGGTCCACCATCCTx,mt4Rf
possorted_genome_bam_NUJC8:ACCTTTATCCAAACACx,mt4Rf
possorted_genome_bam_NUJC8:ACTGAACGTTTGGGCCx,mt4Rf
possorted_genome_bam_NUJC8:ACTTGTTAGCTGTCTAx,mt4Rf
possorted_genome_bam_NUJC8:ACGTCAATCTCAAACGx,mt4Rf
possorted_genome_bam_NUJC8:AGACGTTAGAGATGAGx,mt4Rf
possorted_genome_bam_NUJC8:ACTGCTCTCGGATGTTx,mt4Rf
possorted_genome_bam_NUJC8:ACTTTCAGTGGCGAATx,mt4Rf
possorted_genome_bam_NUJC8:ACTGAGTCACAGAGGTx,mt4Rf
possorted_genome_bam_NUJC8:ACTGTCCTCACAATGCx,mt4Rf
possorted_genome_bam_NUJC8:AGAATAGAGGTACTCTx,mt4Rf
possorted_genome_bam_NUJC8:ACTATCTCACAGAGGTx,mt4Rf
possorted_genome_bam_NUJC8:ACGTCAAGTGTGTGCCx,mt4Rf
possorted_genome_bam_NUJC8:ACGTCAACAGGTCTCGx,mt4Rf
possorted_genome_bam_NUJC8:ACTTTCATCTGAGTGTx,mt4Rf
possorted_genome_bam_NUJC8:ACTTACTGTGGTCCGTx,mt4Rf
possorted_genome_bam_NUJC8:AGAATAGGTTAAGTAGx,mt4Rf
possorted_genome_bam_NUJC8:ACTGAGTGTTCCACGGx,mt4Rf
possorted_genome_bam_NUJC8:ACGTCAACAGTGAGTGx,mt4Rf
possorted_genome_bam_NUJC8:ACTTGTTAGCACGCCTx,mt4Rf
possorted_genome_bam_NUJC8:ACGTCAACACAGACAGx,mt4Rf
possorted_genome_bam_NUJC8:ACTGATGAGGTCATCTx,mt4Rf
possorted_genome_bam_NUJC8:ACTGCTCTCAACACCAx,mt4Rf
possorted_genome_bam_NUJC8:ACTGCTCCACGAGGTAx,mt4Rf
possorted_genome_bam_NUJC8:ACTGATGCAAACAACAx,mt4Rf
possorted_genome_bam_NUJC8:AGAATAGCAAAGAATCx,mt4Rf
possorted_genome_bam_NUJC8:AGACGTTAGACCACGAx,mt4Rf
possorted_genome_bam_NUJC8:ACTTGTTGTATGAAACx,mt4Rf
possorted_genome_bam_NUJC8:ACTTGTTTCCTGTAGAx,mt4Rf
possorted_genome_bam_NUJC8:ACTGATGTCAGCGACCx,mt4Rf
possorted_genome_bam_NUJC8:ACTGAACCATCACGATx,mt4Rf
possorted_genome_bam_NUJC8:AGAATAGCATGAAGTAx,mt4Rf
possorted_genome_bam_NUJC8:AGAATAGCATGTCTCCx,mt4Rf
possorted_genome_bam_NUJC8:ACTGTCCAGCAATCTCx,mt4Rf
possorted_genome_bam_NUJC8:ACTGAGTCAGCATGAGx,mt4Rf
possorted_genome_bam_NUJC8:AGAATAGAGCCCAATTx,mt4Rf
possorted_genome_bam_NUJC8:ACTGAGTAGGCAGTCAx,mt4Rf
possorted_genome_bam_NUJC8:ACTTTCAAGATTACCCx,mt4Rf
possorted_genome_bam_NUJC8:AGAATAGGTGTGCCTGx,mt4Rf
possorted_genome_bam_NUJC8:ACGTCAAGTCTTCGTCx,mt4Rf
possorted_genome_bam_NUJC8:ACTGCTCCACCGTTGGx,mt4Rf
possorted_genome_bam_NUJC8:ACTTACTGTATTCTCTx,mt4Rf
possorted_genome_bam_NUJC8:ACTGAGTTCTAACTGGx,mt4Rf
possorted_genome_bam_NUJC8:ACTTGTTCAGGCTCACx,mt4Rf
possorted_genome_bam_NUJC8:ACTATCTCAAAGGTGCx,mt4Rf
possorted_genome_bam_NUJC8:ACTTACTGTTGTTTGGx,mt4Rf
possorted_genome_bam_NUJC8:ACTGAGTCATTCTCATx,mt4Rf
possorted_genome_bam_NUJC8:ACTGCTCAGGTAAACTx,mt4Rf
possorted_genome_bam_NUJC8:ACTGATGTCTCTGCTGx,mt4Rf
possorted_genome_bam_NUJC8:ACTGATGTCCTTGACCx,mt4Rf
possorted_genome_bam_NUJC8:ACTGATGGTACCCAATx,mt4Rf
possorted_genome_bam_NUJC8:ACTGCTCTCCTAGTGAx,mt4Rf
possorted_genome_bam_NUJC8:ACTTGTTTCACAGGCCx,mt4Rf
possorted_genome_bam_NUJC8:ACTGAGTCAGACGCTCx,mt4Rf
possorted_genome_bam_NUJC8:AGAATAGGTTGAGGTGx,mt4Rf
possorted_genome_bam_NUJC8:ACTATCTTCCGCAGTGx,mt4Rf
possorted_genome_bam_NUJC8:ACTGTCCAGCAGATCGx,mt4Rf
possorted_genome_bam_NUJC8:ACTGATGGTTGCGCACx,mt4Rf
possorted_genome_bam_NUJC8:ACTATCTAGGGATGGGx,mt4Rf
possorted_genome_bam_NUJC8:ACTGATGCATACTACGx,mt4Rf
possorted_genome_bam_NUJC8:ACTTTCATCATACGGTx,mt4Rf
possorted_genome_bam_NUJC8:ACTTTCATCTCGCTTGx,mt4Rf
possorted_genome_bam_NUJC8:ACTGAACGTAAATACGx,mt4Rf
possorted_genome_bam_NUJC8:ACTGATGAGGAGTTTAx,mt4Rf
possorted_genome_bam_NUJC8:ACTTGTTTCCCTAACCx,mt4Rf
possorted_genome_bam_NUJC8:ACTGTCCGTCTTCAAGx,mt4Rf
possorted_genome_bam_NUJC8:ACTGTCCTCAGTGCATx,mt4Rf
possorted_genome_bam_NUJC8:ACTATCTAGCGAGAAAx,mt4Rf
possorted_genome_bam_NUJC8:ACTATCTCAACCGCCAx,mt4Rf
possorted_genome_bam_NUJC8:ACTGAACTCAGCACATx,mt4Rf
possorted_genome_bam_NUJC8:AGAATAGCAATGGTCTx,mt4Rf
possorted_genome_bam_NUJC8:ACTGAACGTCCAAGTTx,mt4Rf
possorted_genome_bam_NUJC8:AGAATAGAGATAGCATx,mt4Rf
possorted_genome_bam_NUJC8:ACTTACTTCTACGAGTx,mt4Rf
possorted_genome_bam_NUJC8:ACTTGTTCAATGAAACx,mt4Rf
possorted_genome_bam_NUJC8:ACTATCTCAGGTCGTCx,mt4Rf
possorted_genome_bam_NUJC8:ACTGCTCGTGCTGTATx,mt4Rf
possorted_genome_bam_NUJC8:ACTTGTTTCCAGAGGAx,mt4Rf
possorted_genome_bam_NUJC8:AGAATAGAGCCAACAGx,mt4Rf
possorted_genome_bam_NUJC8:AGAATAGTCAACGGGAx,mt4Rf
possorted_genome_bam_NUJC8:ACTGATGAGGGTCTCCx,mt4Rf
possorted_genome_bam_NUJC8:ACTTTCAGTCGAGTTTx,mt4Rf
possorted_genome_bam_NUJC8:ACTTTCAAGGTGCAACx,mt4Rf
possorted_genome_bam_NUJC8:ACTTTCAAGTAACCCTx,mt4Rf
possorted_genome_bam_NUJC8:ACTGAACCATGGTTGTx,mt4Rf
possorted_genome_bam_NUJC8:ACTGATGCATCACCCTx,mt4Rf
possorted_genome_bam_NUJC8:ACTTACTAGGTTCCTAx,mt4Rf
possorted_genome_bam_NUJC8:AGAATAGAGCTCTCGGx,mt4Rf
possorted_genome_bam_NUJC8:AGAATAGGTAGCAAATx,mt4Rf
possorted_genome_bam_NUJC8:ACTATCTGTCGGCATCx,mt4Rf
possorted_genome_bam_NUJC8:AGACGTTAGACCGGATx,mt4Rf
possorted_genome_bam_NUJC8:ACTGAACGTCTTGCGGx,mt4Rf
possorted_genome_bam_NUJC8:ACTGATGCATGCAATCx,mt4Rf
possorted_genome_bam_NUJC8:ACTGAGTTCAGATAAGx,mt4Rf
possorted_genome_bam_NUJC8:ACTGATGTCCATGAACx,mt4Rf
possorted_genome_bam_NUJC8:ACTGCTCAGTTAAGTGx,mt4Rf
possorted_genome_bam_NUJC8:ACTTACTAGTTTAGGAx,mt4Rf
possorted_genome_bam_NUJC8:ACTATCTGTATATCCGx,mt4Rf
possorted_genome_bam_NUJC8:ACTGAGTAGCTGTCTAx,mt4Rf
possorted_genome_bam_NUJC8:ACTTGTTAGTGGGTTGx,mt4Rf
possorted_genome_bam_NUJC8:ACTGTCCTCGTGGACCx,mt4Rf
possorted_genome_bam_NUJC8:AGAATAGCATCCGGGTx,mt4Rf
possorted_genome_bam_NUJC8:AGCGTCGGTACAAGTAx,mt4Rf
possorted_genome_bam_NUJC8:AGCCTAACAGTTAACCx,mt4Rf
possorted_genome_bam_NUJC8:AGCCTAACAGGGTTAGx,mt4Rf
possorted_genome_bam_NUJC8:AGAGTGGAGGCTAGACx,mt4Rf
possorted_genome_bam_NUJC8:AGCGTCGCACCAGATTx,mt4Rf
possorted_genome_bam_NUJC8:AGAGCTTCACAACGTTx,mt4Rf
possorted_genome_bam_NUJC8:AGCGGTCTCTCTAAGGx,mt4Rf
possorted_genome_bam_NUJC8:AGAGCTTTCGTCTGAAx,mt4Rf
possorted_genome_bam_NUJC8:AGCAGCCGTCTAGCGCx,mt4Rf
possorted_genome_bam_NUJC8:AGCAGCCTCGCTTAGAx,mt4Rf
possorted_genome_bam_NUJC8:AGCATACTCGTGGGAAx,mt4Rf
possorted_genome_bam_NUJC8:AGCATACTCCATGAGTx,mt4Rf
possorted_genome_bam_NUJC8:AGCGTCGAGAGGTTATx,mt4Rf
possorted_genome_bam_NUJC8:AGCGTCGGTCGAGTTTx,mt4Rf
possorted_genome_bam_NUJC8:AGCGTATTCGTTTGCCx,mt4Rf
possorted_genome_bam_NUJC8:AGAGCGACATTGCGGCx,mt4Rf
possorted_genome_bam_NUJC8:AGACGTTTCACCTTATx,mt4Rf
possorted_genome_bam_NUJC8:AGCGGTCGTCTGCGGTx,mt4Rf
possorted_genome_bam_NUJC8:AGCGTCGGTAGCGTCCx,mt4Rf
possorted_genome_bam_NUJC8:AGAGTGGAGTGAAGAGx,mt4Rf
possorted_genome_bam_NUJC8:AGCGTATTCCATGAGTx,mt4Rf
possorted_genome_bam_NUJC8:AGATCTGTCACGGTTAx,mt4Rf
possorted_genome_bam_NUJC8:AGAGCTTCATCTACGAx,mt4Rf
possorted_genome_bam_NUJC8:AGAGTGGAGGCTAGGTx,mt4Rf
possorted_genome_bam_NUJC8:AGACGTTAGGATGTATx,mt4Rf
possorted_genome_bam_NUJC8:AGCGTATGTAATCACCx,mt4Rf
possorted_genome_bam_NUJC8:AGAGTGGGTCCGAAGAx,mt4Rf
possorted_genome_bam_NUJC8:AGAGCTTCAATCAGAAx,mt4Rf
possorted_genome_bam_NUJC8:AGATTGCGTCACCCAGx,mt4Rf
possorted_genome_bam_NUJC8:AGCATACCAGGCGATAx,mt4Rf
possorted_genome_bam_NUJC8:AGAGCGAAGTGGGTTGx,mt4Rf
possorted_genome_bam_NUJC8:AGCGTCGGTCACACGCx,mt4Rf
possorted_genome_bam_NUJC8:AGCAGCCTCTCTAGGAx,mt4Rf
possorted_genome_bam_NUJC8:AGCGTATTCAAAGACAx,mt4Rf
possorted_genome_bam_NUJC8:AGATCTGAGTACGATAx,mt4Rf
possorted_genome_bam_NUJC8:AGAGCGAAGATATGCAx,mt4Rf
possorted_genome_bam_NUJC8:AGAGCTTGTATCTGCAx,mt4Rf
possorted_genome_bam_NUJC8:AGATTGCGTACCGCTGx,mt4Rf
possorted_genome_bam_NUJC8:AGCCTAACAGTGGGATx,mt4Rf
possorted_genome_bam_NUJC8:AGCCTAATCTTTAGTCx,mt4Rf
possorted_genome_bam_NUJC8:AGATCTGGTCACTTCCx,mt4Rf
possorted_genome_bam_NUJC8:AGCGTATTCCTATTCAx,mt4Rf
possorted_genome_bam_NUJC8:AGCGTATTCTTAACCTx,mt4Rf
possorted_genome_bam_NUJC8:AGATTGCTCTGCGTAAx,mt4Rf
possorted_genome_bam_NUJC8:AGATCTGCAGATCTGTx,mt4Rf
possorted_genome_bam_NUJC8:AGCGTCGGTTGCGCACx,mt4Rf
possorted_genome_bam_NUJC8:AGCATACAGGACCACAx,mt4Rf
possorted_genome_bam_NUJC8:AGACGTTGTCTGATTGx,mt4Rf
possorted_genome_bam_NUJC8:AGACGTTCATATGGTCx,mt4Rf
possorted_genome_bam_NUJC8:AGATTGCCATGCCTAAx,mt4Rf
possorted_genome_bam_NUJC8:AGCATACAGTACGCGAx,mt4Rf
possorted_genome_bam_NUJC8:AGCAGCCGTAAATGTGx,mt4Rf
possorted_genome_bam_NUJC8:AGAGTGGGTGACAAATx,mt4Rf
possorted_genome_bam_NUJC8:AGATCTGGTCAGAGGTx,mt4Rf
possorted_genome_bam_NUJC8:AGCAGCCCACAAGACGx,mt4Rf
possorted_genome_bam_NUJC8:AGAGTGGTCAGTTTGGx,mt4Rf
possorted_genome_bam_NUJC8:AGAGCTTGTTTACTCTx,mt4Rf
possorted_genome_bam_NUJC8:AGATCTGGTAGCTGCCx,mt4Rf
possorted_genome_bam_NUJC8:AGATTGCAGACCGGATx,mt4Rf
possorted_genome_bam_NUJC8:AGAGTGGTCTTGTACTx,mt4Rf
possorted_genome_bam_NUJC8:AGATTGCGTATAATGGx,mt4Rf
possorted_genome_bam_NUJC8:AGATTGCAGGCTCATTx,mt4Rf
possorted_genome_bam_NUJC8:AGAGCTTTCTTGAGGTx,mt4Rf
possorted_genome_bam_NUJC8:AGACGTTGTAGCGATGx,mt4Rf
possorted_genome_bam_NUJC8:AGATTGCCATACGCCGx,mt4Rf
possorted_genome_bam_NUJC8:AGCAGCCTCCAAACACx,mt4Rf
possorted_genome_bam_NUJC8:AGCGTCGAGACTAGATx,mt4Rf
possorted_genome_bam_NUJC8:AGATCTGTCATACGGTx,mt4Rf
possorted_genome_bam_NUJC8:AGCATACAGTTACCCAx,mt4Rf
possorted_genome_bam_NUJC8:AGAGCTTAGGAGTTGCx,mt4Rf
possorted_genome_bam_NUJC8:AGCGTATTCGGCCGATx,mt4Rf
possorted_genome_bam_NUJC8:AGCGGTCGTCTTGTCCx,mt4Rf
possorted_genome_bam_NUJC8:AGACGTTCATCGGAAGx,mt4Rf
possorted_genome_bam_NUJC8:AGATCTGAGTGCCATTx,mt4Rf
possorted_genome_bam_NUJC8:AGAGCTTGTATATGAGx,mt4Rf
possorted_genome_bam_NUJC8:AGAGCTTCAGTCACTAx,mt4Rf
possorted_genome_bam_NUJC8:AGAGCTTCAGTTAACCx,mt4Rf
possorted_genome_bam_NUJC8:AGCAGCCGTGCTGTATx,mt4Rf
possorted_genome_bam_NUJC8:AGCGTCGCACGTCTCTx,mt4Rf
possorted_genome_bam_NUJC8:AGACGTTTCAGGATCTx,mt4Rf
possorted_genome_bam_NUJC8:AGCATACTCCCTAATTx,mt4Rf
possorted_genome_bam_NUJC8:AGATCTGAGATGTAACx,mt4Rf
possorted_genome_bam_NUJC8:AGCATACAGTGTTAGAx,mt4Rf
possorted_genome_bam_NUJC8:AGATTGCAGATGGGTCx,mt4Rf
possorted_genome_bam_NUJC8:AGCGTCGCATTCACTTx,mt4Rf
possorted_genome_bam_NUJC8:AGACGTTAGATCCCATx,mt4Rf
possorted_genome_bam_NUJC8:AGAGCGAAGCGATGACx,mt4Rf
possorted_genome_bam_NUJC8:AGATTGCAGTCACGCCx,mt4Rf
possorted_genome_bam_NUJC8:AGCAGCCTCCCTAATTx,mt4Rf
possorted_genome_bam_NUJC8:AGCATACGTCTAAAGAx,mt4Rf
possorted_genome_bam_NUJC8:AGCGTATAGTACGCGAx,mt4Rf
possorted_genome_bam_NUJC8:AGAGCTTAGCTTTGGTx,mt4Rf
possorted_genome_bam_NUJC8:AGATTGCTCTTGACGAx,mt4Rf
possorted_genome_bam_NUJC8:AGCATACGTCGGATCCx,mt4Rf
possorted_genome_bam_NUJC8:AGAGCTTGTAGGACACx,mt4Rf
possorted_genome_bam_NUJC8:AGAGCTTGTAGCCTCGx,mt4Rf
possorted_genome_bam_NUJC8:AGCGTATTCGTGACATx,mt4Rf
possorted_genome_bam_NUJC8:AGAGCGACATAGAAACx,mt4Rf
possorted_genome_bam_NUJC8:AGTAGTCAGTGCTGCCx,mt4Rf
possorted_genome_bam_NUJC8:AGCTCTCTCTCTGCTGx,mt4Rf
possorted_genome_bam_NUJC8:AGGTCCGAGATGTCGGx,mt4Rf
possorted_genome_bam_NUJC8:AGCTCCTAGCTGAACGx,mt4Rf
possorted_genome_bam_NUJC8:AGGGAGTTCGGCTTGGx,mt4Rf
possorted_genome_bam_NUJC8:AGCTCCTAGATGAGAGx,mt4Rf
possorted_genome_bam_NUJC8:AGCTCCTAGCGTAATAx,mt4Rf
possorted_genome_bam_NUJC8:AGCTCTCAGCTAAACAx,mt4Rf
possorted_genome_bam_NUJC8:AGGGAGTAGTTGTAGAx,mt4Rf
possorted_genome_bam_NUJC8:AGGGTGATCACTTCATx,mt4Rf
possorted_genome_bam_NUJC8:AGGGATGCAGTATAAGx,mt4Rf
possorted_genome_bam_NUJC8:AGGCCACCACCTCGGAx,mt4Rf
possorted_genome_bam_NUJC8:AGCTTGAAGAAACCTAx,mt4Rf
possorted_genome_bam_NUJC8:AGTAGTCCAAACGTGGx,mt4Rf
possorted_genome_bam_NUJC8:AGGGAGTCAAGAAAGGx,mt4Rf
possorted_genome_bam_NUJC8:AGGGTGAAGAGCTTCTx,mt4Rf
possorted_genome_bam_NUJC8:AGGTCCGTCGTTACAGx,mt4Rf
possorted_genome_bam_NUJC8:AGGTCCGGTGTGCGTCx,mt4Rf
possorted_genome_bam_NUJC8:AGGCCGTTCTATGTGGx,mt4Rf
possorted_genome_bam_NUJC8:AGGTCCGTCTTGTTTGx,mt4Rf
possorted_genome_bam_NUJC8:AGGGTGAAGCAACGGTx,mt4Rf
possorted_genome_bam_NUJC8:AGTAGTCGTTCGCGACx,mt4Rf
possorted_genome_bam_NUJC8:AGCGTCGTCACGAAGGx,mt4Rf
possorted_genome_bam_NUJC8:AGCTCCTCACGCATCGx,mt4Rf
possorted_genome_bam_NUJC8:AGGGATGCAGGTCGTCx,mt4Rf
possorted_genome_bam_NUJC8:AGGCCACTCAGTGTTGx,mt4Rf
possorted_genome_bam_NUJC8:AGGGTGACATGACATCx,mt4Rf
possorted_genome_bam_NUJC8:AGGGATGCAAACAACAx,mt4Rf
possorted_genome_bam_NUJC8:AGCTCTCCATGGGAACx,mt4Rf
possorted_genome_bam_NUJC8:AGGTCCGGTCAACTGTx,mt4Rf
possorted_genome_bam_NUJC8:AGGGTGAGTCCGTTAAx,mt4Rf
possorted_genome_bam_NUJC8:AGGTCCGTCCGCGGTAx,mt4Rf
possorted_genome_bam_NUJC8:AGTAGTCCAGGCTGAAx,mt4Rf
possorted_genome_bam_NUJC8:AGGGAGTGTTCCACGGx,mt4Rf
possorted_genome_bam_NUJC8:AGGCCACTCGGTGTTAx,mt4Rf
possorted_genome_bam_NUJC8:AGCGTCGTCTTAACCTx,mt4Rf
possorted_genome_bam_NUJC8:AGCTTGATCTATCCTAx,mt4Rf
possorted_genome_bam_NUJC8:AGTAGTCTCAACCAACx,mt4Rf
possorted_genome_bam_NUJC8:AGCTCCTAGTGCCAGAx,mt4Rf
possorted_genome_bam_NUJC8:AGGCCGTCAGCTTCGGx,mt4Rf
possorted_genome_bam_NUJC8:AGCTCCTCACATTAGCx,mt4Rf
possorted_genome_bam_NUJC8:AGCTCTCAGGACTGGTx,mt4Rf
possorted_genome_bam_NUJC8:AGGCCACTCGCGATCGx,mt4Rf
possorted_genome_bam_NUJC8:AGGGTGATCGAGGTAGx,mt4Rf
possorted_genome_bam_NUJC8:AGGGAGTGTAGAAAGGx,mt4Rf
possorted_genome_bam_NUJC8:AGGGATGAGTGCGATGx,mt4Rf
possorted_genome_bam_NUJC8:AGCTTGAAGCCGATTTx,mt4Rf
possorted_genome_bam_NUJC8:AGGGAGTGTCTGCAATx,mt4Rf
possorted_genome_bam_NUJC8:AGCTCCTGTGTGAATAx,mt4Rf
possorted_genome_bam_NUJC8:AGCTTGATCGAATGGGx,mt4Rf
possorted_genome_bam_NUJC8:AGGTCCGAGAATTGTGx,mt4Rf
possorted_genome_bam_NUJC8:AGCTTGATCTTGTTTGx,mt4Rf
possorted_genome_bam_NUJC8:AGGCCACCACGGTAAGx,mt4Rf
possorted_genome_bam_NUJC8:AGGGATGCACGAGAGTx,mt4Rf
possorted_genome_bam_NUJC8:AGGCCACAGCTGGAACx,mt4Rf
possorted_genome_bam_NUJC8:AGCTCCTGTTGTCGCGx,mt4Rf
possorted_genome_bam_NUJC8:AGCTTGACACCTGGTGx,mt4Rf
possorted_genome_bam_NUJC8:AGGTCATGTGTGTGCCx,mt4Rf
possorted_genome_bam_NUJC8:AGGGAGTAGATCTGCTx,mt4Rf
possorted_genome_bam_NUJC8:AGCTCTCAGACTCGGAx,mt4Rf
possorted_genome_bam_NUJC8:AGGGAGTCACCTTGTCx,mt4Rf
possorted_genome_bam_NUJC8:AGGTCATGTATAAACGx,mt4Rf
possorted_genome_bam_NUJC8:AGCTCCTTCTTTAGGGx,mt4Rf
possorted_genome_bam_NUJC8:AGGGAGTCAAGTCTACx,mt4Rf
possorted_genome_bam_NUJC8:AGGCCGTGTTGGAGGTx,mt4Rf
possorted_genome_bam_NUJC8:AGCTCTCCAGCCAATTx,mt4Rf
possorted_genome_bam_NUJC8:AGGTCCGCAGCTTAACx,mt4Rf
possorted_genome_bam_NUJC8:AGGGTGACACATCCGGx,mt4Rf
possorted_genome_bam_NUJC8:AGGCCACCACGGCGTTx,mt4Rf
possorted_genome_bam_NUJC8:AGGGATGTCGTTTAGGx,mt4Rf
possorted_genome_bam_NUJC8:AGTAGTCTCAGTTCGAx,mt4Rf
possorted_genome_bam_NUJC8:AGGGAGTGTCGCATATx,mt4Rf
possorted_genome_bam_NUJC8:AGCTCTCTCGGCCGATx,mt4Rf
possorted_genome_bam_NUJC8:AGCTCCTCAAGGTTCTx,mt4Rf
possorted_genome_bam_NUJC8:AGGTCCGTCTGGTATGx,mt4Rf
possorted_genome_bam_NUJC8:AGCTCTCTCTAGAGTCx,mt4Rf
possorted_genome_bam_NUJC8:AGCTTGAGTACCGGCTx,mt4Rf
possorted_genome_bam_NUJC8:AGGGATGCAGTAGAGCx,mt4Rf
possorted_genome_bam_NUJC8:AGCTCCTCAGGAATCGx,mt4Rf
possorted_genome_bam_NUJC8:AGGTCATAGCGATGACx,mt4Rf
possorted_genome_bam_NUJC8:AGTAGTCGTGAGGCTAx,mt4Rf
possorted_genome_bam_NUJC8:AGGCCGTTCTGCTTGCx,mt4Rf
possorted_genome_bam_NUJC8:AGGGATGTCGCCTGAGx,mt4Rf
possorted_genome_bam_NUJC8:AGTAGTCCATCTCCCAx,mt4Rf
possorted_genome_bam_NUJC8:AGTAGTCCATCCGCGAx,mt4Rf
possorted_genome_bam_NUJC8:AGTAGTCCAGGACGTAx,mt4Rf
possorted_genome_bam_NUJC8:AGCTCCTAGCACACAGx,mt4Rf
possorted_genome_bam_NUJC8:AGCTCCTCAAATACAGx,mt4Rf
possorted_genome_bam_NUJC8:AGGTCATCAATGACCTx,mt4Rf
possorted_genome_bam_NUJC8:AGCTTGATCCTCGCATx,mt4Rf
possorted_genome_bam_NUJC8:AGGCCGTAGGCTAGACx,mt4Rf
possorted_genome_bam_NUJC8:AGGCCGTCAAGGACTGx,mt4Rf
possorted_genome_bam_NUJC8:AGGGTGATCGCACTCTx,mt4Rf
possorted_genome_bam_NUJC8:AGGCCACCACCGATATx,mt4Rf
possorted_genome_bam_NUJC8:AGGTCCGCAAGGACACx,mt4Rf
possorted_genome_bam_NUJC8:AGCTCTCAGCTGCGAAx,mt4Rf
possorted_genome_bam_NUJC8:AGGTCCGGTAGTAGTAx,mt4Rf
possorted_genome_bam_NUJC8:AGGGTGAGTCAAGCGAx,mt4Rf
possorted_genome_bam_NUJC8:AGGTCATCATTCTTACx,mt4Rf
possorted_genome_bam_NUJC8:AGTAGTCGTTCCCGAGx,mt4Rf
possorted_genome_bam_NUJC8:AGTGGGACAGAAGCACx,mt4Rf
possorted_genome_bam_NUJC8:AGTGGGAGTACTTAGCx,mt4Rf
possorted_genome_bam_NUJC8:ATAGACCAGACGCTTTx,mt4Rf
possorted_genome_bam_NUJC8:AGTGGGAAGTGACATAx,mt4Rf
possorted_genome_bam_NUJC8:AGTGGGATCGTGTAGTx,mt4Rf
possorted_genome_bam_NUJC8:AGTGTCACACCGCTAGx,mt4Rf
possorted_genome_bam_NUJC8:ATCGAGTCACATGGGAx,mt4Rf
possorted_genome_bam_NUJC8:AGTTGGTAGATCCTGTx,mt4Rf
possorted_genome_bam_NUJC8:ATAGACCGTGACAAATx,mt4Rf
possorted_genome_bam_NUJC8:ATCATGGTCTGCGTAAx,mt4Rf
possorted_genome_bam_NUJC8:AGTCTTTCAGTAAGATx,mt4Rf
possorted_genome_bam_NUJC8:ATAGACCAGATCCCATx,mt4Rf
possorted_genome_bam_NUJC8:AGTGGGACATGCGCACx,mt4Rf
possorted_genome_bam_NUJC8:ATAACGCTCTTACCGCx,mt4Rf
possorted_genome_bam_NUJC8:AGTTGGTGTTGAACTCx,mt4Rf
possorted_genome_bam_NUJC8:AGTGTCAAGTTCGCGCx,mt4Rf
possorted_genome_bam_NUJC8:AGTCTTTCATTTGCCCx,mt4Rf
possorted_genome_bam_NUJC8:ATCACGATCTGCCAGGx,mt4Rf
possorted_genome_bam_NUJC8:ATCATCTCAACGCACCx,mt4Rf
possorted_genome_bam_NUJC8:ATAAGAGAGTTGCAGGx,mt4Rf
possorted_genome_bam_NUJC8:ATAAGAGGTATATGGAx,mt4Rf
possorted_genome_bam_NUJC8:ATAGACCAGGATCGCAx,mt4Rf
possorted_genome_bam_NUJC8:ATCCACCGTAAATGACx,mt4Rf
possorted_genome_bam_NUJC8:ATCACGAAGTTACGGGx,mt4Rf
possorted_genome_bam_NUJC8:AGTAGTCTCCGCTGTTx,mt4Rf
possorted_genome_bam_NUJC8:ATAACGCAGCCTATGTx,mt4Rf
possorted_genome_bam_NUJC8:AGTGGGAAGCTGAACGx,mt4Rf
possorted_genome_bam_NUJC8:ATAAGAGAGCGTTGCCx,mt4Rf
possorted_genome_bam_NUJC8:AGTGTCATCCTTAATCx,mt4Rf
possorted_genome_bam_NUJC8:ATCATGGGTCATGCATx,mt4Rf
possorted_genome_bam_NUJC8:ATAGACCAGATATGGTx,mt4Rf
possorted_genome_bam_NUJC8:AGTTGGTCATTCACTTx,mt4Rf
possorted_genome_bam_NUJC8:ATCATGGAGCTGTCTAx,mt4Rf
possorted_genome_bam_NUJC8:ATAACGCGTTCGGGCTx,mt4Rf
possorted_genome_bam_NUJC8:ATCGAGTAGCCAGAACx,mt4Rf
possorted_genome_bam_NUJC8:AGTGGGATCCGTCATCx,mt4Rf
possorted_genome_bam_NUJC8:AGTCTTTCAAGACACGx,mt4Rf
possorted_genome_bam_NUJC8:AGTGGGACATTGGTACx,mt4Rf
possorted_genome_bam_NUJC8:AGTGTCAAGACAATACx,mt4Rf
possorted_genome_bam_NUJC8:ATAGACCCACGGCTACx,mt4Rf
possorted_genome_bam_NUJC8:AGTGTCAAGAGACGAAx,mt4Rf
possorted_genome_bam_NUJC8:ATAGACCCAAAGGAAGx,mt4Rf
possorted_genome_bam_NUJC8:AGTCTTTCACCACCAGx,mt4Rf
possorted_genome_bam_NUJC8:ATCACGAGTCAGATAAx,mt4Rf
possorted_genome_bam_NUJC8:ATCATGGTCTATCCTAx,mt4Rf
possorted_genome_bam_NUJC8:AGTGAGGAGCTAGTCTx,mt4Rf
possorted_genome_bam_NUJC8:ATCACGAAGGTGCACAx,mt4Rf
possorted_genome_bam_NUJC8:ATCATCTAGGCGATACx,mt4Rf
possorted_genome_bam_NUJC8:ATAGACCCACCAACCGx,mt4Rf
possorted_genome_bam_NUJC8:AGTGGGACACAGACTTx,mt4Rf
possorted_genome_bam_NUJC8:ATCCACCTCACTCTTAx,mt4Rf
possorted_genome_bam_NUJC8:ATCACGAAGCGCCTCAx,mt4Rf
possorted_genome_bam_NUJC8:ATAGACCCACAACTGTx,mt4Rf
possorted_genome_bam_NUJC8:ATAAGAGTCAGCATGTx,mt4Rf
possorted_genome_bam_NUJC8:ATAGACCCAAGCCGCTx,mt4Rf
possorted_genome_bam_NUJC8:AGTGTCAAGCTGGAACx,mt4Rf
possorted_genome_bam_NUJC8:ATCCACCTCACCGTAAx,mt4Rf
possorted_genome_bam_NUJC8:AGTTGGTTCCGCTGTTx,mt4Rf
possorted_genome_bam_NUJC8:ATAACGCTCGGCTTGGx,mt4Rf
possorted_genome_bam_NUJC8:AGTCTTTGTGGCCCTAx,mt4Rf
possorted_genome_bam_NUJC8:ATCCACCGTAGAAAGGx,mt4Rf
possorted_genome_bam_NUJC8:ATCATCTAGTGACTCTx,mt4Rf
possorted_genome_bam_NUJC8:AGTCTTTAGTACGTAAx,mt4Rf
possorted_genome_bam_NUJC8:ATAACGCTCAGGATCTx,mt4Rf
possorted_genome_bam_NUJC8:ATCATCTGTAGAGCTGx,mt4Rf
possorted_genome_bam_NUJC8:ATAGACCAGGGAAACAx,mt4Rf
possorted_genome_bam_NUJC8:AGTTGGTTCCCTAATTx,mt4Rf
possorted_genome_bam_NUJC8:ATAAGAGGTCAACATCx,mt4Rf
possorted_genome_bam_NUJC8:ATAAGAGAGATCCCGCx,mt4Rf
possorted_genome_bam_NUJC8:AGTGAGGTCACGGTTAx,mt4Rf
possorted_genome_bam_NUJC8:ATAACGCTCCTAGAACx,mt4Rf
possorted_genome_bam_NUJC8:AGTGGGAGTCGCGAAAx,mt4Rf
possorted_genome_bam_NUJC8:ATCATGGTCCGCGGTAx,mt4Rf
possorted_genome_bam_NUJC8:ATCACGAAGGTCGGATx,mt4Rf
possorted_genome_bam_NUJC8:ATCCGAAGTTCAGGCCx,mt4Rf
possorted_genome_bam_NUJC8:ATCGAGTGTCGCATATx,mt4Rf
possorted_genome_bam_NUJC8:AGTTGGTAGGCCCTTGx,mt4Rf
possorted_genome_bam_NUJC8:ATCATCTCATAGAAACx,mt4Rf
possorted_genome_bam_NUJC8:ATCGAGTAGTGCGATGx,mt4Rf
possorted_genome_bam_NUJC8:ATCATGGAGGGAAACAx,mt4Rf
possorted_genome_bam_NUJC8:ATCATGGAGGATGGAAx,mt4Rf
possorted_genome_bam_NUJC8:AGTCTTTTCTTCGAGAx,mt4Rf
possorted_genome_bam_NUJC8:ATCCGAATCTACTATCx,mt4Rf
possorted_genome_bam_NUJC8:AGTGGGAGTCAGCTATx,mt4Rf
possorted_genome_bam_NUJC8:ATAGACCCAATGAAACx,mt4Rf
possorted_genome_bam_NUJC8:AGTGAGGGTGCCTTGGx,mt4Rf
possorted_genome_bam_NUJC8:ATAACGCTCAGTTCGAx,mt4Rf
possorted_genome_bam_NUJC8:AGTGTCAGTATCACCAx,mt4Rf
possorted_genome_bam_NUJC8:ATCCACCGTTAAGTAGx,mt4Rf
possorted_genome_bam_NUJC8:AGTGGGAGTGTCTGATx,mt4Rf
possorted_genome_bam_NUJC8:ATAACGCGTTAAGAACx,mt4Rf
possorted_genome_bam_NUJC8:AGTTGGTTCAACGCTAx,mt4Rf
possorted_genome_bam_NUJC8:ATCACGAGTCTTGATGx,mt4Rf
possorted_genome_bam_NUJC8:AGTGTCAAGGACATTAx,mt4Rf
possorted_genome_bam_NUJC8:AGTTGGTCAATAAGCAx,mt4Rf
possorted_genome_bam_NUJC8:AGTTGGTTCCATTCTAx,mt4Rf
possorted_genome_bam_NUJC8:ATCCACCTCCTCAATTx,mt4Rf
possorted_genome_bam_NUJC8:ATTATCCAGGCTATCTx,mt4Rf
possorted_genome_bam_NUJC8:ATGTGTGTCCTTGCCAx,mt4Rf
possorted_genome_bam_NUJC8:ATGCGATTCAAGGTAAx,mt4Rf
possorted_genome_bam_NUJC8:ATGTGTGTCCCTCAGTx,mt4Rf
possorted_genome_bam_NUJC8:ATGGGAGCACTCAGGCx,mt4Rf
possorted_genome_bam_NUJC8:ATTCTACAGTGATCGGx,mt4Rf
possorted_genome_bam_NUJC8:ATTACTCTCAGTTCGAx,mt4Rf
possorted_genome_bam_NUJC8:ATTGGACAGTTCGCGCx,mt4Rf
possorted_genome_bam_NUJC8:ATTCTACTCTTCGAGAx,mt4Rf
possorted_genome_bam_NUJC8:ATTGGTGAGTGTCTCAx,mt4Rf
possorted_genome_bam_NUJC8:ATGCGATTCGCTTAGAx,mt4Rf
possorted_genome_bam_NUJC8:ATTCTACGTTCAGTACx,mt4Rf
possorted_genome_bam_NUJC8:ATGGGAGGTATAAACGx,mt4Rf
possorted_genome_bam_NUJC8:ATGCGATTCCTACAGAx,mt4Rf
possorted_genome_bam_NUJC8:ATTATCCTCGGCCGATx,mt4Rf
possorted_genome_bam_NUJC8:ATTATCCCAAGGTTCTx,mt4Rf
possorted_genome_bam_NUJC8:ATTCTACAGACAGGCTx,mt4Rf
possorted_genome_bam_NUJC8:ATTGGACTCCTTTCGGx,mt4Rf
possorted_genome_bam_NUJC8:ATCTACTTCCCGGATGx,mt4Rf
possorted_genome_bam_NUJC8:ATCTGCCAGTTCCACAx,mt4Rf
possorted_genome_bam_NUJC8:ATCTGCCCATCGGGTCx,mt4Rf
possorted_genome_bam_NUJC8:ATTACTCGTTGATTGCx,mt4Rf
possorted_genome_bam_NUJC8:ATGCGATGTTCTGTTTx,mt4Rf
possorted_genome_bam_NUJC8:ATTGGACCATCGTCGGx,mt4Rf
possorted_genome_bam_NUJC8:ATTGGACAGACAGGCTx,mt4Rf
possorted_genome_bam_NUJC8:ATTCTACAGTGCCAGAx,mt4Rf
possorted_genome_bam_NUJC8:ATTCTACTCTGCTGTCx,mt4Rf
possorted_genome_bam_NUJC8:ATTATCCGTCGCGAAAx,mt4Rf
possorted_genome_bam_NUJC8:ATCTGCCAGAGGTAGAx,mt4Rf
possorted_genome_bam_NUJC8:ATCTACTCATGGATGGx,mt4Rf
possorted_genome_bam_NUJC8:ATCTGCCTCAGCTCGGx,mt4Rf
possorted_genome_bam_NUJC8:ATTGGTGCACTTACGAx,mt4Rf
possorted_genome_bam_NUJC8:ATCTGCCAGCTAGGCAx,mt4Rf
possorted_genome_bam_NUJC8:ATGTGTGTCCCTAACCx,mt4Rf
possorted_genome_bam_NUJC8:ATTCTACTCAAAGACAx,mt4Rf
possorted_genome_bam_NUJC8:ATTGGACAGAGTGACCx,mt4Rf
possorted_genome_bam_NUJC8:ATGAGGGTCGGATGTTx,mt4Rf
possorted_genome_bam_NUJC8:ATGCGATAGTACGTTCx,mt4Rf
possorted_genome_bam_NUJC8:ATGTGTGGTCTTGATGx,mt4Rf
possorted_genome_bam_NUJC8:ATCTACTAGTCCTCCTx,mt4Rf
possorted_genome_bam_NUJC8:ATGCGATAGGTAGCTGx,mt4Rf
possorted_genome_bam_NUJC8:ATGCGATGTCTGATTGx,mt4Rf
possorted_genome_bam_NUJC8:ATGGGAGAGGCTATCTx,mt4Rf
possorted_genome_bam_NUJC8:ATTATCCTCTGAGGGAx,mt4Rf
possorted_genome_bam_NUJC8:ATGGGAGCAGCCAGAAx,mt4Rf
possorted_genome_bam_NUJC8:ATTCTACTCAAGGCTTx,mt4Rf
possorted_genome_bam_NUJC8:ATTGGTGGTGATAAACx,mt4Rf
possorted_genome_bam_NUJC8:ATCTGCCTCTAACGGTx,mt4Rf
possorted_genome_bam_NUJC8:ATTGGACTCTTGCATTx,mt4Rf
possorted_genome_bam_NUJC8:ATGGGAGAGTACGCGAx,mt4Rf
possorted_genome_bam_NUJC8:ATGGGAGAGATAGGAGx,mt4Rf
possorted_genome_bam_NUJC8:ATCTGCCCAGTCCTTCx,mt4Rf
possorted_genome_bam_NUJC8:ATTGGACCACACCGCAx,mt4Rf
possorted_genome_bam_NUJC8:ATGCGATAGACACTAAx,mt4Rf
possorted_genome_bam_NUJC8:ATTACTCGTTAAGATGx,mt4Rf
possorted_genome_bam_NUJC8:ATCTGCCTCCATGCTCx,mt4Rf
possorted_genome_bam_NUJC8:ATGCGATCACTGTCGGx,mt4Rf
possorted_genome_bam_NUJC8:ATTACTCCAAAGCGGTx,mt4Rf
possorted_genome_bam_NUJC8:ATGTGTGTCACGATGTx,mt4Rf
possorted_genome_bam_NUJC8:ATTATCCCAGTTCCCTx,mt4Rf
possorted_genome_bam_NUJC8:ATGAGGGGTCGGCACTx,mt4Rf
possorted_genome_bam_NUJC8:ATCTACTTCACCCGAGx,mt4Rf
possorted_genome_bam_NUJC8:ATCTACTGTCTTCAAGx,mt4Rf
possorted_genome_bam_NUJC8:ATGGGAGAGCCACCTGx,mt4Rf
possorted_genome_bam_NUJC8:ATGAGGGGTACCGTTAx,mt4Rf
possorted_genome_bam_NUJC8:ATCTGCCAGGCTATCTx,mt4Rf
possorted_genome_bam_NUJC8:ATGGGAGCAGCCTTTCx,mt4Rf
possorted_genome_bam_NUJC8:ATGTGTGCAGAGTGTGx,mt4Rf
possorted_genome_bam_NUJC8:ATCTACTAGGCATTGGx,mt4Rf
possorted_genome_bam_NUJC8:ATTGGACCAAGGTTCTx,mt4Rf
possorted_genome_bam_NUJC8:ATTGGTGGTACGACCCx,mt4Rf
possorted_genome_bam_NUJC8:ATTATCCGTGGCCCTAx,mt4Rf
possorted_genome_bam_NUJC8:ATTCTACCACATCTTTx,mt4Rf
possorted_genome_bam_NUJC8:ATTCTACAGTCGAGTGx,mt4Rf
possorted_genome_bam_NUJC8:ATGTGTGCAGTAGAGCx,mt4Rf
possorted_genome_bam_NUJC8:ATCTGCCTCTCACATTx,mt4Rf
possorted_genome_bam_NUJC8:ATTACTCGTAGCCTATx,mt4Rf
possorted_genome_bam_NUJC8:ATTGGACGTTCAGACTx,mt4Rf
possorted_genome_bam_NUJC8:ATCTACTGTCCGAACCx,mt4Rf
possorted_genome_bam_NUJC8:ATTACTCGTGCCTGTGx,mt4Rf
possorted_genome_bam_NUJC8:ATCTGCCGTTCCACAAx,mt4Rf
possorted_genome_bam_NUJC8:ATGAGGGTCCCAACGGx,mt4Rf
possorted_genome_bam_NUJC8:ATCGAGTGTGTGAATAx,mt4Rf
possorted_genome_bam_NUJC8:ATCTACTAGCGACGTAx,mt4Rf
possorted_genome_bam_NUJC8:ATGAGGGAGCACCGTCx,mt4Rf
possorted_genome_bam_NUJC8:ATGTGTGAGCTGTTCAx,mt4Rf
possorted_genome_bam_NUJC8:ATCGAGTTCAGATAAGx,mt4Rf
possorted_genome_bam_NUJC8:ATGCGATCATTATCTCx,mt4Rf
possorted_genome_bam_NUJC8:ATCTGCCTCAACCATGx,mt4Rf
possorted_genome_bam_NUJC8:ATGAGGGGTACGACCCx,mt4Rf
possorted_genome_bam_NUJC8:ATGCGATGTGTGCGTCx,mt4Rf
possorted_genome_bam_NUJC8:ATTGGACCATAAGACAx,mt4Rf
possorted_genome_bam_NUJC8:ATTGGTGCATTCTTACx,mt4Rf
possorted_genome_bam_NUJC8:ATGAGGGAGAGGTAGAx,mt4Rf
possorted_genome_bam_NUJC8:ATCTACTGTGTAATGAx,mt4Rf
possorted_genome_bam_NUJC8:ATTCTACCACGCTTTCx,mt4Rf
possorted_genome_bam_NUJC8:ATTGGACAGTATGACAx,mt4Rf
possorted_genome_bam_NUJC8:CAAGATCAGTGCCATTx,mt4Rf
possorted_genome_bam_NUJC8:CAACCAATCCTGCCATx,mt4Rf
possorted_genome_bam_NUJC8:CACACCTAGGGCTTGAx,mt4Rf
possorted_genome_bam_NUJC8:ATTTCTGCAAGGCTCCx,mt4Rf
possorted_genome_bam_NUJC8:CACAAACAGATGCGACx,mt4Rf
possorted_genome_bam_NUJC8:CAACCTCTCCGCATAAx,mt4Rf
possorted_genome_bam_NUJC8:CACACTCCAGCTGTGCx,mt4Rf
possorted_genome_bam_NUJC8:CACACCTAGAATAGGGx,mt4Rf
possorted_genome_bam_NUJC8:CACACTCCATCCAACAx,mt4Rf
possorted_genome_bam_NUJC8:ATTTCTGAGCGTCTATx,mt4Rf
possorted_genome_bam_NUJC8:CAACCTCAGCGATTCTx,mt4Rf
possorted_genome_bam_NUJC8:CAAGGCCAGCCCAGCTx,mt4Rf
possorted_genome_bam_NUJC8:CAACCTCTCTGGCGACx,mt4Rf
possorted_genome_bam_NUJC8:CAACCTCCACTCTGTCx,mt4Rf
possorted_genome_bam_NUJC8:CACACAATCTGGCGTGx,mt4Rf
possorted_genome_bam_NUJC8:CAACCTCCACGCGAAAx,mt4Rf
possorted_genome_bam_NUJC8:CACACTCAGATCCTGTx,mt4Rf
possorted_genome_bam_NUJC8:CAAGGCCAGCGTTGCCx,mt4Rf
possorted_genome_bam_NUJC8:CAAGAAAAGCTGCGAAx,mt4Rf
possorted_genome_bam_NUJC8:ATTTCTGAGGACATTAx,mt4Rf
possorted_genome_bam_NUJC8:CACACTCAGGCACATGx,mt4Rf
possorted_genome_bam_NUJC8:CACACAACAAGAAGAGx,mt4Rf
possorted_genome_bam_NUJC8:CAAGAAATCACATACGx,mt4Rf
possorted_genome_bam_NUJC8:CAAGATCGTCTTGATGx,mt4Rf
possorted_genome_bam_NUJC8:CAAGAAACAAAGTGCGx,mt4Rf
possorted_genome_bam_NUJC8:CAAGTTGTCGTAGGTTx,mt4Rf
possorted_genome_bam_NUJC8:CAACCTCGTTCCGGCAx,mt4Rf
possorted_genome_bam_NUJC8:CAACCAAAGCACACAGx,mt4Rf
possorted_genome_bam_NUJC8:CAACCAACATACTCTTx,mt4Rf
possorted_genome_bam_NUJC8:CAAGATCCACGTTGGCx,mt4Rf
possorted_genome_bam_NUJC8:CAAGTTGAGCCTTGATx,mt4Rf
possorted_genome_bam_NUJC8:CAAGTTGAGGATGCGTx,mt4Rf
possorted_genome_bam_NUJC8:CAAGATCCACGCATCGx,mt4Rf
possorted_genome_bam_NUJC8:CACAAACCAATCACACx,mt4Rf
possorted_genome_bam_NUJC8:CACAAACAGTGGTAATx,mt4Rf
possorted_genome_bam_NUJC8:CAACCTCAGGAGTAGAx,mt4Rf
possorted_genome_bam_NUJC8:CACACCTAGCGTAGTGx,mt4Rf
possorted_genome_bam_NUJC8:CACACCTAGTCCGTATx,mt4Rf
possorted_genome_bam_NUJC8:CAAGAAATCCTTAATCx,mt4Rf
possorted_genome_bam_NUJC8:CAACCTCGTCAAAGCGx,mt4Rf
possorted_genome_bam_NUJC8:CAACTAGGTGTGCGTCx,mt4Rf
possorted_genome_bam_NUJC8:CAAGGCCGTACCAGTTx,mt4Rf
possorted_genome_bam_NUJC8:CACACCTTCTAACTTCx,mt4Rf
possorted_genome_bam_NUJC8:CACACCTGTATTCGTGx,mt4Rf
possorted_genome_bam_NUJC8:CACACCTGTGTATGGGx,mt4Rf
possorted_genome_bam_NUJC8:ATTTCTGAGCGCTTATx,mt4Rf
possorted_genome_bam_NUJC8:CAACCAAGTCGAGATGx,mt4Rf
possorted_genome_bam_NUJC8:CAAGATCAGTACGACGx,mt4Rf
possorted_genome_bam_NUJC8:CAACTAGAGTCCAGGAx,mt4Rf
possorted_genome_bam_NUJC8:ATTTCTGCAGATTGCTx,mt4Rf
possorted_genome_bam_NUJC8:CACAAACAGGGATACCx,mt4Rf
possorted_genome_bam_NUJC8:CACACAAGTCATACTGx,mt4Rf
possorted_genome_bam_NUJC8:ATTTCTGCACCTATCCx,mt4Rf
possorted_genome_bam_NUJC8:CAACCTCTCAACGGGAx,mt4Rf
possorted_genome_bam_NUJC8:CAAGAAATCTTGTATCx,mt4Rf
possorted_genome_bam_NUJC8:ATTTCTGGTACAGTGGx,mt4Rf
possorted_genome_bam_NUJC8:ATTTCTGTCTCAACTTx,mt4Rf
possorted_genome_bam_NUJC8:ATTTCTGAGACGCAACx,mt4Rf
possorted_genome_bam_NUJC8:CAACCTCCATGGTCATx,mt4Rf
possorted_genome_bam_NUJC8:CACAAACGTTCCATGAx,mt4Rf
possorted_genome_bam_NUJC8:ATTGGTGGTTCAGCGCx,mt4Rf
possorted_genome_bam_NUJC8:CAAGATCCAGCTGGCTx,mt4Rf
possorted_genome_bam_NUJC8:CAACCAACACAGACAGx,mt4Rf
possorted_genome_bam_NUJC8:CACAAACCAGGAACGTx,mt4Rf
possorted_genome_bam_NUJC8:CAAGGCCTCTCTGTCGx,mt4Rf
possorted_genome_bam_NUJC8:CAACCTCGTCTTCAAGx,mt4Rf
possorted_genome_bam_NUJC8:CACACAACAATCAGAAx,mt4Rf
possorted_genome_bam_NUJC8:CAAGTTGCAGTGACAGx,mt4Rf
possorted_genome_bam_NUJC8:CAAGAAATCCCTAATTx,mt4Rf
possorted_genome_bam_NUJC8:CACACCTAGCTTCGCGx,mt4Rf
possorted_genome_bam_NUJC8:CAACTAGTCTTCAACTx,mt4Rf
possorted_genome_bam_NUJC8:CACAAACGTTTGTTTCx,mt4Rf
possorted_genome_bam_NUJC8:CACAAACGTTAAGATGx,mt4Rf
possorted_genome_bam_NUJC8:CACACAATCCTTGACCx,mt4Rf
possorted_genome_bam_NUJC8:CACACTCCACCCATTCx,mt4Rf
possorted_genome_bam_NUJC8:ATTTCTGCATTTGCTTx,mt4Rf
possorted_genome_bam_NUJC8:CAACCTCTCACTTCATx,mt4Rf
possorted_genome_bam_NUJC8:ATTTCTGGTTCCATGAx,mt4Rf
possorted_genome_bam_NUJC8:CACACCTAGGCCCTTGx,mt4Rf
possorted_genome_bam_NUJC8:CAACTAGGTAAACGCGx,mt4Rf
possorted_genome_bam_NUJC8:CAAGTTGAGTTGAGTAx,mt4Rf
possorted_genome_bam_NUJC8:CAACCAAAGTGGGATCx,mt4Rf
possorted_genome_bam_NUJC8:CACACCTTCACCGGGTx,mt4Rf
possorted_genome_bam_NUJC8:CAACCTCTCATGTGGTx,mt4Rf
possorted_genome_bam_NUJC8:CAAGAAAAGAATAGGGx,mt4Rf
possorted_genome_bam_NUJC8:CAACCTCTCGCGCCAAx,mt4Rf
possorted_genome_bam_NUJC8:CAAGTTGGTTGCTCCTx,mt4Rf
possorted_genome_bam_NUJC8:CAAGATCAGCCTTGATx,mt4Rf
possorted_genome_bam_NUJC8:CACACAAAGTCGTTTGx,mt4Rf
possorted_genome_bam_NUJC8:CAAGATCTCGTCCAGGx,mt4Rf
possorted_genome_bam_NUJC8:ATTTCTGGTTACGGAGx,mt4Rf
possorted_genome_bam_NUJC8:CAACCTCCAAAGCAATx,mt4Rf
possorted_genome_bam_NUJC8:CAAGAAAGTATTCGTGx,mt4Rf
possorted_genome_bam_NUJC8:CAAGGCCGTCAGAGGTx,mt4Rf
possorted_genome_bam_NUJC8:CAACCAAAGATCCGAGx,mt4Rf
possorted_genome_bam_NUJC8:CACAAACGTCTAGCGCx,mt4Rf
possorted_genome_bam_NUJC8:CAACTAGAGATGAGAGx,mt4Rf
possorted_genome_bam_NUJC8:CAGAATCAGTTCCACAx,mt4Rf
possorted_genome_bam_NUJC8:CACAGGCCAATCACACx,mt4Rf
possorted_genome_bam_NUJC8:CACAGTATCACTCTTAx,mt4Rf
possorted_genome_bam_NUJC8:CAGATCACAAACTGCTx,mt4Rf
possorted_genome_bam_NUJC8:CAGAGAGTCTGCTTGCx,mt4Rf
possorted_genome_bam_NUJC8:CACTCCATCACGACTAx,mt4Rf
possorted_genome_bam_NUJC8:CAGAGAGAGGCATGGTx,mt4Rf
possorted_genome_bam_NUJC8:CACCTTGGTGACAAATx,mt4Rf
possorted_genome_bam_NUJC8:CACATTTAGGTGTGGTx,mt4Rf
possorted_genome_bam_NUJC8:CACTCCAAGAGAGCTCx,mt4Rf
possorted_genome_bam_NUJC8:CACATAGTCAACGCTAx,mt4Rf
possorted_genome_bam_NUJC8:CACCTTGGTACTCAACx,mt4Rf
possorted_genome_bam_NUJC8:CACACTCCATTCGACAx,mt4Rf
possorted_genome_bam_NUJC8:CACATAGCACCAGCACx,mt4Rf
possorted_genome_bam_NUJC8:CAGAATCTCCTTAATCx,mt4Rf
possorted_genome_bam_NUJC8:CAGAATCCAGCTCGCAx,mt4Rf
possorted_genome_bam_NUJC8:CAGAGAGCACCCTATCx,mt4Rf
possorted_genome_bam_NUJC8:CAGAATCTCAGCTTAGx,mt4Rf
possorted_genome_bam_NUJC8:CACATTTGTCGGCACTx,mt4Rf
possorted_genome_bam_NUJC8:CACTCCATCAGTTTGGx,mt4Rf
possorted_genome_bam_NUJC8:CAGCAGCAGCGTTCCGx,mt4Rf
possorted_genome_bam_NUJC8:CACACTCTCTGTCTCGx,mt4Rf
possorted_genome_bam_NUJC8:CACATTTCATCCGTGGx,mt4Rf
possorted_genome_bam_NUJC8:CACTCCAGTTCCACAAx,mt4Rf
possorted_genome_bam_NUJC8:CAGAGAGCAAGGTTCTx,mt4Rf
possorted_genome_bam_NUJC8:CACCAGGTCCTTTCTCx,mt4Rf
possorted_genome_bam_NUJC8:CAGAATCAGCCGTCGTx,mt4Rf
possorted_genome_bam_NUJC8:CACCTTGTCCGAATGTx,mt4Rf
possorted_genome_bam_NUJC8:CAGAATCAGCGGATCAx,mt4Rf
possorted_genome_bam_NUJC8:CACACTCGTCAGCTATx,mt4Rf
possorted_genome_bam_NUJC8:CACATTTTCATAGCACx,mt4Rf
possorted_genome_bam_NUJC8:CAGAGAGCAGGCTGAAx,mt4Rf
possorted_genome_bam_NUJC8:CACCACTCAAATCCGTx,mt4Rf
possorted_genome_bam_NUJC8:CACATTTAGCTAGTTCx,mt4Rf
possorted_genome_bam_NUJC8:CAGATCAGTCAGAGGTx,mt4Rf
possorted_genome_bam_NUJC8:CACTCCATCCGAACGCx,mt4Rf
possorted_genome_bam_NUJC8:CAGCAGCGTCTTGTCCx,mt4Rf
possorted_genome_bam_NUJC8:CACTCCACATCATCCCx,mt4Rf
possorted_genome_bam_NUJC8:CACATAGGTCAATACCx,mt4Rf
possorted_genome_bam_NUJC8:CAGATCAGTCATTAGCx,mt4Rf
possorted_genome_bam_NUJC8:CAGCATACAAGTTCTGx,mt4Rf
possorted_genome_bam_NUJC8:CACCAGGCAATCACACx,mt4Rf
possorted_genome_bam_NUJC8:CACTCCATCCATGCTCx,mt4Rf
possorted_genome_bam_NUJC8:CAGCATATCAGTCCCTx,mt4Rf
possorted_genome_bam_NUJC8:CAGAATCGTAAGTGTAx,mt4Rf
possorted_genome_bam_NUJC8:CACAGGCTCTCTTGATx,mt4Rf
possorted_genome_bam_NUJC8:CACATAGAGTGGACGTx,mt4Rf
possorted_genome_bam_NUJC8:CACCTTGAGCGATGACx,mt4Rf
possorted_genome_bam_NUJC8:CACATTTAGAGGGATAx,mt4Rf
possorted_genome_bam_NUJC8:CACATAGGTCACCTAAx,mt4Rf
possorted_genome_bam_NUJC8:CACCACTAGGCCCTCAx,mt4Rf
possorted_genome_bam_NUJC8:CACAGGCGTCCAGTATx,mt4Rf
possorted_genome_bam_NUJC8:CAGAATCCACAGGTTTx,mt4Rf
possorted_genome_bam_NUJC8:CACCACTGTCGCATATx,mt4Rf
possorted_genome_bam_NUJC8:CACCACTTCATTTGGGx,mt4Rf
possorted_genome_bam_NUJC8:CAGCATAAGAATAGGGx,mt4Rf
possorted_genome_bam_NUJC8:CACCAGGAGCCCGAAAx,mt4Rf
possorted_genome_bam_NUJC8:CACCACTGTTAAGTAGx,mt4Rf
possorted_genome_bam_NUJC8:CAGAGAGCAGATCTGTx,mt4Rf
possorted_genome_bam_NUJC8:CACCAGGCACCGCTAGx,mt4Rf
possorted_genome_bam_NUJC8:CAGCATAAGCAACGGTx,mt4Rf
possorted_genome_bam_NUJC8:CAGCAGCCAAGCCTATx,mt4Rf
possorted_genome_bam_NUJC8:CACCTTGTCAGGCCCAx,mt4Rf
possorted_genome_bam_NUJC8:CACACTCGTTTGTGTGx,mt4Rf
possorted_genome_bam_NUJC8:CACATTTTCACTCTTAx,mt4Rf
possorted_genome_bam_NUJC8:CACATAGCAAGCGAGTx,mt4Rf
possorted_genome_bam_NUJC8:CACATAGGTCCGAAGAx,mt4Rf
possorted_genome_bam_NUJC8:CAGAGAGGTTACTGACx,mt4Rf
possorted_genome_bam_NUJC8:CACAGGCGTCGTTGTAx,mt4Rf
possorted_genome_bam_NUJC8:CACTCCACATGTAAGAx,mt4Rf
possorted_genome_bam_NUJC8:CAGAGAGTCATGCATGx,mt4Rf
possorted_genome_bam_NUJC8:CACACTCTCCAAACACx,mt4Rf
possorted_genome_bam_NUJC8:CACCAGGGTCATCCCTx,mt4Rf
possorted_genome_bam_NUJC8:CACAGGCGTTACCAGTx,mt4Rf
possorted_genome_bam_NUJC8:CACCACTTCCCAGGTGx,mt4Rf
possorted_genome_bam_NUJC8:CAGCATACAATAGCAAx,mt4Rf
possorted_genome_bam_NUJC8:CACTCCATCGTCTGAAx,mt4Rf
possorted_genome_bam_NUJC8:CAGATCACATTCACTTx,mt4Rf
possorted_genome_bam_NUJC8:CACCTTGAGCCGGTAAx,mt4Rf
possorted_genome_bam_NUJC8:CACTCCATCGTTACGAx,mt4Rf
possorted_genome_bam_NUJC8:CAGAGAGCAGATGGCAx,mt4Rf
possorted_genome_bam_NUJC8:CACTCCAAGCGTGAGTx,mt4Rf
possorted_genome_bam_NUJC8:CAGCAGCTCTCTAGGAx,mt4Rf
possorted_genome_bam_NUJC8:CAGCATACAAGCGATGx,mt4Rf
possorted_genome_bam_NUJC8:CACCAGGAGTGGTCCCx,mt4Rf
possorted_genome_bam_NUJC8:CACATAGGTCTGCCAGx,mt4Rf
possorted_genome_bam_NUJC8:CACCACTTCCTTTCTCx,mt4Rf
possorted_genome_bam_NUJC8:CAGATCAAGCGCCTCAx,mt4Rf
possorted_genome_bam_NUJC8:CACCAGGGTTGCGTTAx,mt4Rf
possorted_genome_bam_NUJC8:CAGCAGCAGTATCGAAx,mt4Rf
possorted_genome_bam_NUJC8:CACAGGCTCATAGCACx,mt4Rf
possorted_genome_bam_NUJC8:CACATTTGTCTTGCGGx,mt4Rf
possorted_genome_bam_NUJC8:CACATAGGTCGGCATCx,mt4Rf
possorted_genome_bam_NUJC8:CAGAATCAGGGTGTTGx,mt4Rf
possorted_genome_bam_NUJC8:CACAGTATCCTTAATCx,mt4Rf
possorted_genome_bam_NUJC8:CACAGTAAGGATATACx,mt4Rf
possorted_genome_bam_NUJC8:CAGAGAGGTGATAAACx,mt4Rf
possorted_genome_bam_NUJC8:CAGCAGCCAAAGAATCx,mt4Rf
possorted_genome_bam_NUJC8:CAGAATCTCGTCCGTTx,mt4Rf
possorted_genome_bam_NUJC8:CATATTCCAAAGAATCx,mt4Rf
possorted_genome_bam_NUJC8:CAGTCCTCATGCAATCx,mt4Rf
possorted_genome_bam_NUJC8:CATCCACTCGTGGTCGx,mt4Rf
possorted_genome_bam_NUJC8:CATCGAACAGACGCAAx,mt4Rf
possorted_genome_bam_NUJC8:CAGTCCTAGTCACGCCx,mt4Rf
possorted_genome_bam_NUJC8:CATCAGAGTGACGGTAx,mt4Rf
possorted_genome_bam_NUJC8:CATCAGATCAGCTTAGx,mt4Rf
possorted_genome_bam_NUJC8:CAGCCGAAGACCTTTGx,mt4Rf
possorted_genome_bam_NUJC8:CAGCTAAGTTATCACGx,mt4Rf
possorted_genome_bam_NUJC8:CAGCTAAAGAAAGTGGx,mt4Rf
possorted_genome_bam_NUJC8:CAGTCCTAGTGATCGGx,mt4Rf
possorted_genome_bam_NUJC8:CATCAGAAGGTGCAACx,mt4Rf
possorted_genome_bam_NUJC8:CAGGTGCTCCGTCAAAx,mt4Rf
possorted_genome_bam_NUJC8:CAGGTGCGTTCGTTGAx,mt4Rf
possorted_genome_bam_NUJC8:CATCAGAGTCTGGTCGx,mt4Rf
possorted_genome_bam_NUJC8:CAGCCGAAGTACGCGAx,mt4Rf
possorted_genome_bam_NUJC8:CAGTAACGTTCCGTCTx,mt4Rf
possorted_genome_bam_NUJC8:CAGCTAAGTGGGTATGx,mt4Rf
possorted_genome_bam_NUJC8:CAGCTAATCAAACAAGx,mt4Rf
possorted_genome_bam_NUJC8:CAGCATATCGGCGCATx,mt4Rf
possorted_genome_bam_NUJC8:CAGCTGGTCTATCCTAx,mt4Rf
possorted_genome_bam_NUJC8:CATCGGGAGTGTGGCAx,mt4Rf
possorted_genome_bam_NUJC8:CAGCTGGCATCTACGAx,mt4Rf
possorted_genome_bam_NUJC8:CATCGAATCAAAGACAx,mt4Rf
possorted_genome_bam_NUJC8:CAGCTAAAGGCTAGGTx,mt4Rf
possorted_genome_bam_NUJC8:CATCAGAAGACCCACCx,mt4Rf
possorted_genome_bam_NUJC8:CAGCTAACAGTAACGGx,mt4Rf
possorted_genome_bam_NUJC8:CATCCACTCAGAGCTTx,mt4Rf
possorted_genome_bam_NUJC8:CAGCTAATCGGTGTTAx,mt4Rf
possorted_genome_bam_NUJC8:CAGCCGACACCAGGCTx,mt4Rf
possorted_genome_bam_NUJC8:CAGCTAACAGCTCGCAx,mt4Rf
possorted_genome_bam_NUJC8:CAGCCGAAGCCGCCTAx,mt4Rf
possorted_genome_bam_NUJC8:CATATTCAGCTACCGCx,mt4Rf
possorted_genome_bam_NUJC8:CATCCACTCATGTCCCx,mt4Rf
possorted_genome_bam_NUJC8:CATCAAGAGTCCCACGx,mt4Rf
possorted_genome_bam_NUJC8:CATCCACCAAGTCTGTx,mt4Rf
possorted_genome_bam_NUJC8:CATCCACTCTTGTTTGx,mt4Rf
possorted_genome_bam_NUJC8:CATCGAACAACACCCGx,mt4Rf
possorted_genome_bam_NUJC8:CATCGGGAGTGAATTGx,mt4Rf
possorted_genome_bam_NUJC8:CATCCACAGTCTTGCAx,mt4Rf
possorted_genome_bam_NUJC8:CAGCTGGTCGAACGGAx,mt4Rf
possorted_genome_bam_NUJC8:CATATTCCAAGACGTGx,mt4Rf
possorted_genome_bam_NUJC8:CAGCTAACACCGAATTx,mt4Rf
possorted_genome_bam_NUJC8:CAGCTAATCATCGCTCx,mt4Rf
possorted_genome_bam_NUJC8:CAGCCGATCCACTCCAx,mt4Rf
possorted_genome_bam_NUJC8:CAGGTGCCAGACGCCTx,mt4Rf
possorted_genome_bam_NUJC8:CATCAGAAGAGACTTAx,mt4Rf
possorted_genome_bam_NUJC8:CAGCTAACAACTTGACx,mt4Rf
possorted_genome_bam_NUJC8:CAGTCCTCAGCTGCTGx,mt4Rf
possorted_genome_bam_NUJC8:CATATTCAGACTAGGCx,mt4Rf
possorted_genome_bam_NUJC8:CAGGTGCTCTGTTGAGx,mt4Rf
possorted_genome_bam_NUJC8:CATATTCTCAGTCAGTx,mt4Rf
possorted_genome_bam_NUJC8:CAGGTGCCATAAAGGTx,mt4Rf
possorted_genome_bam_NUJC8:CATCGGGCAAACAACAx,mt4Rf
possorted_genome_bam_NUJC8:CAGCGACCAGCCAGAAx,mt4Rf
possorted_genome_bam_NUJC8:CATCGGGAGGCCGAATx,mt4Rf
possorted_genome_bam_NUJC8:CAGCTAAAGCAAATCAx,mt4Rf
possorted_genome_bam_NUJC8:CAGCTAACAGACAGGTx,mt4Rf
possorted_genome_bam_NUJC8:CATATGGTCAGTACGTx,mt4Rf
possorted_genome_bam_NUJC8:CAGCCGACATGAACCTx,mt4Rf
possorted_genome_bam_NUJC8:CATCGAATCTCGGACGx,mt4Rf
possorted_genome_bam_NUJC8:CATATGGAGTCTCCTCx,mt4Rf
possorted_genome_bam_NUJC8:CAGCGACCATGAAGTAx,mt4Rf
possorted_genome_bam_NUJC8:CAGCGACCATTTGCCCx,mt4Rf
possorted_genome_bam_NUJC8:CATATTCGTTTCCACCx,mt4Rf
possorted_genome_bam_NUJC8:CAGCATATCGAACGGAx,mt4Rf
possorted_genome_bam_NUJC8:CATATGGCATTCTCATx,mt4Rf
possorted_genome_bam_NUJC8:CATCGAAAGCTCAACTx,mt4Rf
possorted_genome_bam_NUJC8:CATCAAGAGATATGCAx,mt4Rf
possorted_genome_bam_NUJC8:CAGGTGCAGAATAGGGx,mt4Rf
possorted_genome_bam_NUJC8:CAGTAACCATTACGACx,mt4Rf
possorted_genome_bam_NUJC8:CAGCCGAAGGATTCGGx,mt4Rf
possorted_genome_bam_NUJC8:CATCGAAGTAGAAGGAx,mt4Rf
possorted_genome_bam_NUJC8:CAGCCGACACGAGAGTx,mt4Rf
possorted_genome_bam_NUJC8:CAGCCGAAGTTACGGGx,mt4Rf
possorted_genome_bam_NUJC8:CATCGAAGTGAAGGCTx,mt4Rf
possorted_genome_bam_NUJC8:CAGCTAAGTGGTTTCAx,mt4Rf
possorted_genome_bam_NUJC8:CAGCGACCATACGCTAx,mt4Rf
possorted_genome_bam_NUJC8:CAGGTGCCAACAACCTx,mt4Rf
possorted_genome_bam_NUJC8:CATCAAGCATGCCCGAx,mt4Rf
possorted_genome_bam_NUJC8:CAGGTGCTCGTCGTTCx,mt4Rf
possorted_genome_bam_NUJC8:CAGCTGGTCCCAACGGx,mt4Rf
possorted_genome_bam_NUJC8:CAGTAACCACCAGGCTx,mt4Rf
possorted_genome_bam_NUJC8:CATATTCAGTACTTGCx,mt4Rf
possorted_genome_bam_NUJC8:CATCAAGCAAGGTGTGx,mt4Rf
possorted_genome_bam_NUJC8:CAGTCCTTCGATAGAAx,mt4Rf
possorted_genome_bam_NUJC8:CAGCTAATCTGGCGACx,mt4Rf
possorted_genome_bam_NUJC8:CAGCCGAGTTTGTTGGx,mt4Rf
possorted_genome_bam_NUJC8:CAGTCCTCAGGGTACAx,mt4Rf
possorted_genome_bam_NUJC8:CAGTCCTAGCGCCTCAx,mt4Rf
possorted_genome_bam_NUJC8:CAGGTGCCAAGTCTGTx,mt4Rf
possorted_genome_bam_NUJC8:CATATTCGTCTAGTCAx,mt4Rf
possorted_genome_bam_NUJC8:CATCGAAGTTAAAGTGx,mt4Rf
possorted_genome_bam_NUJC8:CATATTCAGATTACCCx,mt4Rf
possorted_genome_bam_NUJC8:CATATGGAGCTTCGCGx,mt4Rf
possorted_genome_bam_NUJC8:CAGCTAAGTACATGTCx,mt4Rf
possorted_genome_bam_NUJC8:CAGTCCTCAAGCCGCTx,mt4Rf
possorted_genome_bam_NUJC8:CATCAAGAGGCGCTCTx,mt4Rf
possorted_genome_bam_NUJC8:CATCAAGGTTCAGTACx,mt4Rf
possorted_genome_bam_NUJC8:CAGTAACGTACTTAGCx,mt4Rf
possorted_genome_bam_NUJC8:CATGCCTAGGCTAGGTx,mt4Rf
possorted_genome_bam_NUJC8:CATGCCTTCTATCCCGx,mt4Rf
possorted_genome_bam_NUJC8:CATTATCGTTGAGGTGx,mt4Rf
possorted_genome_bam_NUJC8:CATGACAAGCGGATCAx,mt4Rf
possorted_genome_bam_NUJC8:CCACTACCAATGCCATx,mt4Rf
possorted_genome_bam_NUJC8:CATGACATCAAGGCTTx,mt4Rf
possorted_genome_bam_NUJC8:CCAGCGATCACATACGx,mt4Rf
possorted_genome_bam_NUJC8:CCACTACCATTAGCCAx,mt4Rf
possorted_genome_bam_NUJC8:CATGGCGGTACTCTCCx,mt4Rf
possorted_genome_bam_NUJC8:CCAATCCTCGTATCAGx,mt4Rf
possorted_genome_bam_NUJC8:CATTCGCCACCGAAAGx,mt4Rf
possorted_genome_bam_NUJC8:CATTATCTCATTTGGGx,mt4Rf
possorted_genome_bam_NUJC8:CCAATCCCAATGGAGCx,mt4Rf
possorted_genome_bam_NUJC8:CATTCGCGTGGTAACGx,mt4Rf
possorted_genome_bam_NUJC8:CCATGTCCAATCCGATx,mt4Rf
possorted_genome_bam_NUJC8:CATGGCGAGGGATACCx,mt4Rf
possorted_genome_bam_NUJC8:CCAATCCTCGGTGTTAx,mt4Rf
possorted_genome_bam_NUJC8:CATTCGCCATTAGGCTx,mt4Rf
possorted_genome_bam_NUJC8:CCAATCCTCTTATCTGx,mt4Rf
possorted_genome_bam_NUJC8:CATTCGCTCCATGAGTx,mt4Rf
possorted_genome_bam_NUJC8:CATTATCTCGAGAGCAx,mt4Rf
possorted_genome_bam_NUJC8:CATGACATCCTTGACCx,mt4Rf
possorted_genome_bam_NUJC8:CCATGTCTCACCCTCAx,mt4Rf
possorted_genome_bam_NUJC8:CCAATCCGTCGAATCTx,mt4Rf
possorted_genome_bam_NUJC8:CCATGTCGTGATGCCCx,mt4Rf
possorted_genome_bam_NUJC8:CATTATCTCACCCTCAx,mt4Rf
possorted_genome_bam_NUJC8:CCACCTAAGACCTAGGx,mt4Rf
possorted_genome_bam_NUJC8:CATTCGCCACGGCGTTx,mt4Rf
possorted_genome_bam_NUJC8:CATTCGCCAATCTGCAx,mt4Rf
possorted_genome_bam_NUJC8:CCAGCGATCCTTCAATx,mt4Rf
possorted_genome_bam_NUJC8:CATGACATCGTGTAGTx,mt4Rf
possorted_genome_bam_NUJC8:CCAATCCGTAGCCTCGx,mt4Rf
possorted_genome_bam_NUJC8:CCACCTACACTTCGAAx,mt4Rf
possorted_genome_bam_NUJC8:CCAATCCCAGATAATGx,mt4Rf
possorted_genome_bam_NUJC8:CCAGCGACACAGAGGTx,mt4Rf
possorted_genome_bam_NUJC8:CCATGTCAGTTCGATCx,mt4Rf
possorted_genome_bam_NUJC8:CATGACACAGACGCAAx,mt4Rf
possorted_genome_bam_NUJC8:CCATGTCCAGTGACAGx,mt4Rf
possorted_genome_bam_NUJC8:CCAGCGACACCACCAGx,mt4Rf
possorted_genome_bam_NUJC8:CCAGCGATCGTTGACAx,mt4Rf
possorted_genome_bam_NUJC8:CCACGGAGTCCGAATTx,mt4Rf
possorted_genome_bam_NUJC8:CCATTCGAGTGACTCTx,mt4Rf
possorted_genome_bam_NUJC8:CATGGCGCATTCCTCGx,mt4Rf
possorted_genome_bam_NUJC8:CATGCCTGTGGAAAGAx,mt4Rf
possorted_genome_bam_NUJC8:CATGACAAGAACAACTx,mt4Rf
possorted_genome_bam_NUJC8:CATGACATCAAACCACx,mt4Rf
possorted_genome_bam_NUJC8:CATTCGCGTGAACCTTx,mt4Rf
possorted_genome_bam_NUJC8:CATCGGGGTACGACCCx,mt4Rf
possorted_genome_bam_NUJC8:CATGCCTCACCACCAGx,mt4Rf
possorted_genome_bam_NUJC8:CCATTCGAGCGCTTATx,mt4Rf
possorted_genome_bam_NUJC8:CATCGGGTCCACGCAGx,mt4Rf
possorted_genome_bam_NUJC8:CCAATCCTCAAACGGGx,mt4Rf
possorted_genome_bam_NUJC8:CATGCCTCACTGAAGGx,mt4Rf
possorted_genome_bam_NUJC8:CATCGGGGTCCTCTTGx,mt4Rf
possorted_genome_bam_NUJC8:CATTATCTCGTTGCCTx,mt4Rf
possorted_genome_bam_NUJC8:CCATGTCCAAATCCGTx,mt4Rf
possorted_genome_bam_NUJC8:CCAGCGACAAGTCTACx,mt4Rf
possorted_genome_bam_NUJC8:CATGGCGTCCACGACGx,mt4Rf
possorted_genome_bam_NUJC8:CCAGCGAAGTACACCTx,mt4Rf
possorted_genome_bam_NUJC8:CCATGTCTCCTCTAGCx,mt4Rf
possorted_genome_bam_NUJC8:CCACCTATCACTTATCx,mt4Rf
possorted_genome_bam_NUJC8:CATGGCGCATGACGGAx,mt4Rf
possorted_genome_bam_NUJC8:CCAATCCCAGCAGTTTx,mt4Rf
possorted_genome_bam_NUJC8:CCAATCCGTGCGGTAAx,mt4Rf
possorted_genome_bam_NUJC8:CATGGCGAGGCGATACx,mt4Rf
possorted_genome_bam_NUJC8:CCAATCCAGATCACGGx,mt4Rf
possorted_genome_bam_NUJC8:CATTATCCATGTAAGAx,mt4Rf
possorted_genome_bam_NUJC8:CCATGTCCAGTTCCCTx,mt4Rf
possorted_genome_bam_NUJC8:CCAATCCCACCCATGGx,mt4Rf
possorted_genome_bam_NUJC8:CCAATCCGTACGCACCx,mt4Rf
possorted_genome_bam_NUJC8:CCAGCGACATGGAATAx,mt4Rf
possorted_genome_bam_NUJC8:CATGGCGGTAAGTTCCx,mt4Rf
possorted_genome_bam_NUJC8:CCACTACAGACTAGGCx,mt4Rf
possorted_genome_bam_NUJC8:CATGACAAGCTGGAACx,mt4Rf
possorted_genome_bam_NUJC8:CCAATCCGTACTTCTTx,mt4Rf
possorted_genome_bam_NUJC8:CATGCCTCAAAGTCAAx,mt4Rf
possorted_genome_bam_NUJC8:CATGGCGAGGCTAGGTx,mt4Rf
possorted_genome_bam_NUJC8:CATGACATCGTCACGGx,mt4Rf
possorted_genome_bam_NUJC8:CCAGCGATCACTGGGCx,mt4Rf
possorted_genome_bam_NUJC8:CCAGCGATCATTCACTx,mt4Rf
possorted_genome_bam_NUJC8:CCACTACAGGGATACCx,mt4Rf
possorted_genome_bam_NUJC8:CCACTACAGCCACGCTx,mt4Rf
possorted_genome_bam_NUJC8:CCAGCGACATTCCTCGx,mt4Rf
possorted_genome_bam_NUJC8:CCATGTCCACTGTTAGx,mt4Rf
possorted_genome_bam_NUJC8:CCAGCGAAGCAGACTGx,mt4Rf
possorted_genome_bam_NUJC8:CATGGCGGTTAGAACAx,mt4Rf
possorted_genome_bam_NUJC8:CCACGGACAGCCACCAx,mt4Rf
possorted_genome_bam_NUJC8:CCACCTAGTTCGTGATx,mt4Rf
possorted_genome_bam_NUJC8:CCAGCGAAGCTAACTCx,mt4Rf
possorted_genome_bam_NUJC8:CATTATCGTTCCATGAx,mt4Rf
possorted_genome_bam_NUJC8:CCAGCGACAAGGCTCCx,mt4Rf
possorted_genome_bam_NUJC8:CCACCTAAGCAGGCTAx,mt4Rf
possorted_genome_bam_NUJC8:CATGACATCACAGGCCx,mt4Rf
possorted_genome_bam_NUJC8:CCACTACGTGTGCGTCx,mt4Rf
possorted_genome_bam_NUJC8:CATTATCCATAAGACAx,mt4Rf
possorted_genome_bam_NUJC8:CCACGGAAGTCCATACx,mt4Rf
possorted_genome_bam_NUJC8:CCAGCGACATTGAGCTx,mt4Rf
possorted_genome_bam_NUJC8:CCAATCCGTTCGTCTCx,mt4Rf
possorted_genome_bam_NUJC8:CCAATCCTCTTTAGTCx,mt4Rf
possorted_genome_bam_NUJC8:CCCAGTTAGGTGACCAx,mt4Rf
possorted_genome_bam_NUJC8:CCATTCGCATCACCCTx,mt4Rf
possorted_genome_bam_NUJC8:CCGGTAGCAAAGCGGTx,mt4Rf
possorted_genome_bam_NUJC8:CCGTGGAAGTTACCCAx,mt4Rf
possorted_genome_bam_NUJC8:CCGTGGACAGGATTGGx,mt4Rf
possorted_genome_bam_NUJC8:CCGTTCAGTTCATGGTx,mt4Rf
possorted_genome_bam_NUJC8:CCGTTCACAATAAGCAx,mt4Rf
possorted_genome_bam_NUJC8:CCGGTAGCAGATGGGTx,mt4Rf
possorted_genome_bam_NUJC8:CCGGTAGAGTTAGCGGx,mt4Rf
possorted_genome_bam_NUJC8:CCCTCCTAGTGGAGAAx,mt4Rf
possorted_genome_bam_NUJC8:CCTAAAGCATCGGGTCx,mt4Rf
possorted_genome_bam_NUJC8:CCGTGGAGTAGAGTGCx,mt4Rf
possorted_genome_bam_NUJC8:CCTAAAGAGAAACGCCx,mt4Rf
possorted_genome_bam_NUJC8:CCATTCGGTGGTCCGTx,mt4Rf
possorted_genome_bam_NUJC8:CCGGTAGGTAAGTTCCx,mt4Rf
possorted_genome_bam_NUJC8:CCCATACTCTACCAGAx,mt4Rf
possorted_genome_bam_NUJC8:CCGTGGAAGAGCTATAx,mt4Rf
possorted_genome_bam_NUJC8:CCCATACGTAGAGGAAx,mt4Rf
possorted_genome_bam_NUJC8:CCGGGATTCCACGCAGx,mt4Rf
possorted_genome_bam_NUJC8:CCGTGGATCAGTACGTx,mt4Rf
possorted_genome_bam_NUJC8:CCGGGATTCGCCGTGAx,mt4Rf
possorted_genome_bam_NUJC8:CCTACACCACCTTGTCx,mt4Rf
possorted_genome_bam_NUJC8:CCCTCCTCATTTCAGGx,mt4Rf
possorted_genome_bam_NUJC8:CCGTACTAGCGTGTCCx,mt4Rf
possorted_genome_bam_NUJC8:CCCAATCGTAGCTTGTx,mt4Rf
possorted_genome_bam_NUJC8:CCGTGGACACCTCGTTx,mt4Rf
possorted_genome_bam_NUJC8:CCCATACTCTGGTATGx,mt4Rf
possorted_genome_bam_NUJC8:CCTAAAGGTCGCATCGx,mt4Rf
possorted_genome_bam_NUJC8:CCGGGATCAGACGCAAx,mt4Rf
possorted_genome_bam_NUJC8:CCGTGGAAGACAAGCCx,mt4Rf
possorted_genome_bam_NUJC8:CCCAATCTCAAGGTAAx,mt4Rf
possorted_genome_bam_NUJC8:CCGTGGATCCTGCAGGx,mt4Rf
possorted_genome_bam_NUJC8:CCGTGGATCTGGTGTAx,mt4Rf
possorted_genome_bam_NUJC8:CCTACACCACCCATTCx,mt4Rf
possorted_genome_bam_NUJC8:CCGGGATGTTGGAGGTx,mt4Rf
possorted_genome_bam_NUJC8:CCCAGTTGTGCACTTAx,mt4Rf
possorted_genome_bam_NUJC8:CCCAGTTCAAAGCGGTx,mt4Rf
possorted_genome_bam_NUJC8:CCCATACCATTAGGCTx,mt4Rf
possorted_genome_bam_NUJC8:CCCAGTTTCCTAAGTGx,mt4Rf
possorted_genome_bam_NUJC8:CCATTCGGTCAGCTATx,mt4Rf
possorted_genome_bam_NUJC8:CCGTTCAGTCCAACTAx,mt4Rf
possorted_genome_bam_NUJC8:CCGTACTAGGCGTACAx,mt4Rf
possorted_genome_bam_NUJC8:CCATTCGCACTTACGAx,mt4Rf
possorted_genome_bam_NUJC8:CCGTACTGTAGCTTGTx,mt4Rf
possorted_genome_bam_NUJC8:CCTACACTCTACCTGCx,mt4Rf
possorted_genome_bam_NUJC8:CCCAGTTTCCCAAGATx,mt4Rf
possorted_genome_bam_NUJC8:CCGTACTAGCTCAACTx,mt4Rf
possorted_genome_bam_NUJC8:CCGGGATGTGGGTCAAx,mt4Rf
possorted_genome_bam_NUJC8:CCGGTAGCACCAGCACx,mt4Rf
possorted_genome_bam_NUJC8:CCATTCGCATGGGACAx,mt4Rf
possorted_genome_bam_NUJC8:CCGGTAGGTGCTGTATx,mt4Rf
possorted_genome_bam_NUJC8:CCGTGGACAGCAGTTTx,mt4Rf
possorted_genome_bam_NUJC8:CCCATACAGAATAGGGx,mt4Rf
possorted_genome_bam_NUJC8:CCGTACTTCATCGGATx,mt4Rf
possorted_genome_bam_NUJC8:CCGTACTTCAAAGACAx,mt4Rf
possorted_genome_bam_NUJC8:CCCTCCTAGAGCTGGTx,mt4Rf
possorted_genome_bam_NUJC8:CCCATACAGCGATAGCx,mt4Rf
possorted_genome_bam_NUJC8:CCATTCGGTCGCGTGTx,mt4Rf
possorted_genome_bam_NUJC8:CCTAAAGTCCACTCCAx,mt4Rf
possorted_genome_bam_NUJC8:CCGTGGAAGTTAGGTAx,mt4Rf
possorted_genome_bam_NUJC8:CCATTCGCAGGCTCACx,mt4Rf
possorted_genome_bam_NUJC8:CCCAATCGTTCAGACTx,mt4Rf
possorted_genome_bam_NUJC8:CCCAATCCAGCATGAGx,mt4Rf
possorted_genome_bam_NUJC8:CCCATACCAGCGTTCGx,mt4Rf
possorted_genome_bam_NUJC8:CCCAATCGTCCAGTGCx,mt4Rf
possorted_genome_bam_NUJC8:CCCTCCTGTACTCAACx,mt4Rf
possorted_genome_bam_NUJC8:CCCTCCTAGTTAAGTGx,mt4Rf
possorted_genome_bam_NUJC8:CCGTTCAAGATCGATAx,mt4Rf
possorted_genome_bam_NUJC8:CCGTGGATCTAACTGGx,mt4Rf
possorted_genome_bam_NUJC8:CCTACCAAGAGTAAGGx,mt4Rf
possorted_genome_bam_NUJC8:CCTAAAGAGATGGGTCx,mt4Rf
possorted_genome_bam_NUJC8:CCCAGTTGTTGTGGCCx,mt4Rf
possorted_genome_bam_NUJC8:CCGTTCACACGAGGTAx,mt4Rf
possorted_genome_bam_NUJC8:CCTAAAGCAGTAAGATx,mt4Rf
possorted_genome_bam_NUJC8:CCTACACGTCCGCTGAx,mt4Rf
possorted_genome_bam_NUJC8:CCATTCGGTGCGGTAAx,mt4Rf
possorted_genome_bam_NUJC8:CCGTGGAAGTGAACGCx,mt4Rf
possorted_genome_bam_NUJC8:CCGTGGATCGTAGATCx,mt4Rf
possorted_genome_bam_NUJC8:CCGTTCAAGTGTTTGCx,mt4Rf
possorted_genome_bam_NUJC8:CCCAGTTCATACGCCGx,mt4Rf
possorted_genome_bam_NUJC8:CCGGGATAGTGCGATGx,mt4Rf
possorted_genome_bam_NUJC8:CCCAGTTGTCCGTCAGx,mt4Rf
possorted_genome_bam_NUJC8:CCCAGTTGTTCGTTGAx,mt4Rf
possorted_genome_bam_NUJC8:CCGTTCATCATAGCACx,mt4Rf
possorted_genome_bam_NUJC8:CCGGGATTCGGAAATAx,mt4Rf
possorted_genome_bam_NUJC8:CCGTTCATCATCACCCx,mt4Rf
possorted_genome_bam_NUJC8:CCGTTCATCACTGGGCx,mt4Rf
possorted_genome_bam_NUJC8:CCGGTAGCACCATCCTx,mt4Rf
possorted_genome_bam_NUJC8:CCCTCCTAGGACCACAx,mt4Rf
possorted_genome_bam_NUJC8:CCGGGATGTCATCCCTx,mt4Rf
possorted_genome_bam_NUJC8:CCCAATCGTCGCGGTTx,mt4Rf
possorted_genome_bam_NUJC8:CCGGGATCATAAGACAx,mt4Rf
possorted_genome_bam_NUJC8:CCCATACGTCAAAGATx,mt4Rf
possorted_genome_bam_NUJC8:CCGTGGAGTCACACGCx,mt4Rf
possorted_genome_bam_NUJC8:CCTAGCTTCCGCGTTTx,mt4Rf
possorted_genome_bam_NUJC8:CGAACATTCGCTAGCGx,mt4Rf
possorted_genome_bam_NUJC8:CCTTCCCCAAGGTTCTx,mt4Rf
possorted_genome_bam_NUJC8:CGAACATCACTAGTACx,mt4Rf
possorted_genome_bam_NUJC8:CGAATGTTCGTCGTTCx,mt4Rf
possorted_genome_bam_NUJC8:CCTTCCCTCGAATGCTx,mt4Rf
possorted_genome_bam_NUJC8:CCTTACGTCTTAACCTx,mt4Rf
possorted_genome_bam_NUJC8:CCTTTCTGTCCGTTAAx,mt4Rf
possorted_genome_bam_NUJC8:CCTTCCCTCCTCATTAx,mt4Rf
possorted_genome_bam_NUJC8:CCTTCCCTCAGTGTTGx,mt4Rf
possorted_genome_bam_NUJC8:CCTCAGTGTCAACATCx,mt4Rf
possorted_genome_bam_NUJC8:CCTTCGAGTCGCATCGx,mt4Rf
possorted_genome_bam_NUJC8:CCTATTATCTTGCCGTx,mt4Rf
possorted_genome_bam_NUJC8:CCTCAGTTCATCTGTTx,mt4Rf
possorted_genome_bam_NUJC8:CGACCTTAGATATGCAx,mt4Rf
possorted_genome_bam_NUJC8:CGACCTTTCTTGCAAGx,mt4Rf
possorted_genome_bam_NUJC8:CGACTTCGTATAGTAGx,mt4Rf
possorted_genome_bam_NUJC8:CCTAGCTGTGTAACGGx,mt4Rf
possorted_genome_bam_NUJC8:CCTACCAAGGCGCTCTx,mt4Rf
possorted_genome_bam_NUJC8:CCTCTGATCATGCAACx,mt4Rf
possorted_genome_bam_NUJC8:CCTTTCTAGGAATTACx,mt4Rf
possorted_genome_bam_NUJC8:CCTCTGAAGTCCCACGx,mt4Rf
possorted_genome_bam_NUJC8:CCTAGCTAGATCTGAAx,mt4Rf
possorted_genome_bam_NUJC8:CCTACCAGTACCGCTGx,mt4Rf
possorted_genome_bam_NUJC8:CGAATGTGTACAGTTCx,mt4Rf
possorted_genome_bam_NUJC8:CGAATGTTCCGTCAAAx,mt4Rf
possorted_genome_bam_NUJC8:CCTACCAAGGCTCAGAx,mt4Rf
possorted_genome_bam_NUJC8:CCTAGCTGTCGACTGCx,mt4Rf
possorted_genome_bam_NUJC8:CGAACATTCAGAAATGx,mt4Rf
possorted_genome_bam_NUJC8:CCTTACGGTCGGCTCAx,mt4Rf
possorted_genome_bam_NUJC8:CCTTACGTCGTCCGTTx,mt4Rf
possorted_genome_bam_NUJC8:CCTTCCCTCCCATTTAx,mt4Rf
possorted_genome_bam_NUJC8:CGACTTCTCGTAGGTTx,mt4Rf
possorted_genome_bam_NUJC8:CCTCTGAAGGCCATAGx,mt4Rf
possorted_genome_bam_NUJC8:CCTTCCCAGGGCTTGAx,mt4Rf
possorted_genome_bam_NUJC8:CCTTCGACAAGAAGAGx,mt4Rf
possorted_genome_bam_NUJC8:CCTATTACAGGAATCGx,mt4Rf
possorted_genome_bam_NUJC8:CCTCTGACAAACGTGGx,mt4Rf
possorted_genome_bam_NUJC8:CGAATGTGTCCCGACAx,mt4Rf
possorted_genome_bam_NUJC8:CCTCTGACAGCGTTCGx,mt4Rf
possorted_genome_bam_NUJC8:CCTTCGAAGCCACTATx,mt4Rf
possorted_genome_bam_NUJC8:CGACCTTGTTCGTCTCx,mt4Rf
possorted_genome_bam_NUJC8:CCTAGCTGTCCAAGTTx,mt4Rf
possorted_genome_bam_NUJC8:CCTAGCTCACGCCAGTx,mt4Rf
possorted_genome_bam_NUJC8:CCTATTAAGTGTCCCGx,mt4Rf
possorted_genome_bam_NUJC8:CGAACATCACCGAAAGx,mt4Rf
possorted_genome_bam_NUJC8:CCTTCGAAGATGCCAGx,mt4Rf
possorted_genome_bam_NUJC8:CCTACCATCGCCTGTTx,mt4Rf
possorted_genome_bam_NUJC8:CGAATGTCAGCTGTGCx,mt4Rf
possorted_genome_bam_NUJC8:CCTTTCTTCATCGATGx,mt4Rf
possorted_genome_bam_NUJC8:CGAATGTTCAGTCCCTx,mt4Rf
possorted_genome_bam_NUJC8:CCTTACGGTACCGCTGx,mt4Rf
possorted_genome_bam_NUJC8:CCTTTCTAGTCAAGCGx,mt4Rf
possorted_genome_bam_NUJC8:CCTCTGATCTTCATGTx,mt4Rf
possorted_genome_bam_NUJC8:CCTTCCCAGGCATTGGx,mt4Rf
possorted_genome_bam_NUJC8:CCTTTCTTCTCACATTx,mt4Rf
possorted_genome_bam_NUJC8:CCTACCACACCGAATTx,mt4Rf
possorted_genome_bam_NUJC8:CCTTCCCTCGGCGCTAx,mt4Rf
possorted_genome_bam_NUJC8:CGACTTCCAACACCCGx,mt4Rf
possorted_genome_bam_NUJC8:CGAATGTAGTGCGATGx,mt4Rf
possorted_genome_bam_NUJC8:CCTAGCTGTAGCTTGTx,mt4Rf
possorted_genome_bam_NUJC8:CGACCTTCAGTCCTTCx,mt4Rf
possorted_genome_bam_NUJC8:CCTTACGGTAGAAGGAx,mt4Rf
possorted_genome_bam_NUJC8:CCTTCCCAGTACGCCCx,mt4Rf
possorted_genome_bam_NUJC8:CCTTCCCGTCTCTTATx,mt4Rf
possorted_genome_bam_NUJC8:CGACTTCTCATGCTCCx,mt4Rf
possorted_genome_bam_NUJC8:CCTACCAAGCTACCGCx,mt4Rf
possorted_genome_bam_NUJC8:CCTTCGAGTGCCTTGGx,mt4Rf
possorted_genome_bam_NUJC8:CCTACCACACGAGGTAx,mt4Rf
possorted_genome_bam_NUJC8:CCTTCCCTCCTCAATTx,mt4Rf
possorted_genome_bam_NUJC8:CGACTTCTCGCCATAAx,mt4Rf
possorted_genome_bam_NUJC8:CGAATGTGTCGAAAGCx,mt4Rf
possorted_genome_bam_NUJC8:CCTACCAAGCAGCGTAx,mt4Rf
possorted_genome_bam_NUJC8:CGAACATCATCGTCGGx,mt4Rf
possorted_genome_bam_NUJC8:CCTCTGATCGGAAATAx,mt4Rf
possorted_genome_bam_NUJC8:CGACCTTGTATGAATGx,mt4Rf
possorted_genome_bam_NUJC8:CCTAGCTAGCTCCCAGx,mt4Rf
possorted_genome_bam_NUJC8:CGAATGTTCGATGAGGx,mt4Rf
possorted_genome_bam_NUJC8:CCTCAGTGTCATTAGCx,mt4Rf
possorted_genome_bam_NUJC8:CGAACATTCTGTCTCGx,mt4Rf
possorted_genome_bam_NUJC8:CGAATGTGTTGCGTTAx,mt4Rf
possorted_genome_bam_NUJC8:CGAGAAGAGACAGAGAx,mt4Rf
possorted_genome_bam_NUJC8:CCTAGCTTCGTAGATCx,mt4Rf
possorted_genome_bam_NUJC8:CCTTACGAGTACATGAx,mt4Rf
possorted_genome_bam_NUJC8:CCTTCCCCAGTTCCCTx,mt4Rf
possorted_genome_bam_NUJC8:CCTCAGTCAAAGCGGTx,mt4Rf
possorted_genome_bam_NUJC8:CCTCTGAAGACCTAGGx,mt4Rf
possorted_genome_bam_NUJC8:CCTATTACATAGAAACx,mt4Rf
possorted_genome_bam_NUJC8:CCTTACGTCCTTAATCx,mt4Rf
possorted_genome_bam_NUJC8:CCTTACGTCGTTACAGx,mt4Rf
possorted_genome_bam_NUJC8:CCTTTCTTCTCTTATGx,mt4Rf
possorted_genome_bam_NUJC8:CCTACCACACAGATTCx,mt4Rf
possorted_genome_bam_NUJC8:CGACCTTTCTATGTGGx,mt4Rf
possorted_genome_bam_NUJC8:CGAACATTCCCTCTTTx,mt4Rf
possorted_genome_bam_NUJC8:CCTCAGTAGTATGACAx,mt4Rf
possorted_genome_bam_NUJC8:CGCGTTTAGTACGATAx,mt4Rf
possorted_genome_bam_NUJC8:CGCTATCCAAGCTGTTx,mt4Rf
possorted_genome_bam_NUJC8:CGATGGCTCTCGAGTAx,mt4Rf
possorted_genome_bam_NUJC8:CGATGGCGTGATGCCCx,mt4Rf
possorted_genome_bam_NUJC8:CGCGTTTTCTGTTTGTx,mt4Rf
possorted_genome_bam_NUJC8:CGATCGGAGGACAGAAx,mt4Rf
possorted_genome_bam_NUJC8:CGAGAAGAGTGAAGTTx,mt4Rf
possorted_genome_bam_NUJC8:CGATGGCAGTTCCACAx,mt4Rf
possorted_genome_bam_NUJC8:CGAGAAGCACTGCCAGx,mt4Rf
possorted_genome_bam_NUJC8:CGATGTAGTGTGAATAx,mt4Rf
possorted_genome_bam_NUJC8:CGAGCACAGTTGTAGAx,mt4Rf
possorted_genome_bam_NUJC8:CGATCGGCATCCTTGCx,mt4Rf
possorted_genome_bam_NUJC8:CGATTGAAGTTTAGGAx,mt4Rf
possorted_genome_bam_NUJC8:CGATTGATCACAGTACx,mt4Rf
possorted_genome_bam_NUJC8:CGATCGGGTCCCTACTx,mt4Rf
possorted_genome_bam_NUJC8:CGAGCACCACCAGGCTx,mt4Rf
possorted_genome_bam_NUJC8:CGAGCACAGGCATGGTx,mt4Rf
possorted_genome_bam_NUJC8:CGCGTTTGTCTCTCGTx,mt4Rf
possorted_genome_bam_NUJC8:CGCTATCTCATGTGGTx,mt4Rf
possorted_genome_bam_NUJC8:CGAGCACCAATGAAACx,mt4Rf
possorted_genome_bam_NUJC8:CGCGGTACAATTCCTTx,mt4Rf
possorted_genome_bam_NUJC8:CGCGGTAAGGATCGCAx,mt4Rf
possorted_genome_bam_NUJC8:CGATGGCCAAGCCGTCx,mt4Rf
possorted_genome_bam_NUJC8:CGCGTTTTCCTGCAGGx,mt4Rf
possorted_genome_bam_NUJC8:CGAGAAGTCATTGCGAx,mt4Rf
possorted_genome_bam_NUJC8:CGATGTATCTTTAGGGx,mt4Rf
possorted_genome_bam_NUJC8:CGATTGAAGTGCGTGAx,mt4Rf
possorted_genome_bam_NUJC8:CGCCAAGGTACTTAGCx,mt4Rf
possorted_genome_bam_NUJC8:CGAGCCACATGGTAGGx,mt4Rf
possorted_genome_bam_NUJC8:CGCTATCCATTACCTTx,mt4Rf
possorted_genome_bam_NUJC8:CGAGAAGTCGAGCCCAx,mt4Rf
possorted_genome_bam_NUJC8:CGCGGTACATACTACGx,mt4Rf
possorted_genome_bam_NUJC8:CGAGCCAAGCGAGAAAx,mt4Rf
possorted_genome_bam_NUJC8:CGAGCCAGTGCTTCTCx,mt4Rf
possorted_genome_bam_NUJC8:CGATTGACAACGCACCx,mt4Rf
possorted_genome_bam_NUJC8:CGCTGGAAGGCTACGAx,mt4Rf
possorted_genome_bam_NUJC8:CGATTGACAGGAATCGx,mt4Rf
possorted_genome_bam_NUJC8:CGATCGGTCACATACGx,mt4Rf
possorted_genome_bam_NUJC8:CGATTGACATTGGTACx,mt4Rf
possorted_genome_bam_NUJC8:CGAGCACAGTTACCCAx,mt4Rf
possorted_genome_bam_NUJC8:CGATGTACATACTACGx,mt4Rf
possorted_genome_bam_NUJC8:CGAGAAGGTGTTCTTTx,mt4Rf
possorted_genome_bam_NUJC8:CGATCGGAGCTTCGCGx,mt4Rf
possorted_genome_bam_NUJC8:CGCGTTTGTCTTGATGx,mt4Rf
possorted_genome_bam_NUJC8:CGCTATCCATGAACCTx,mt4Rf
possorted_genome_bam_NUJC8:CGCGTTTAGATCGGGTx,mt4Rf
possorted_genome_bam_NUJC8:CGCCAAGGTGTCAATCx,mt4Rf
possorted_genome_bam_NUJC8:CGCCAAGAGGGCTTGAx,mt4Rf
possorted_genome_bam_NUJC8:CGCCAAGCAGGGCATAx,mt4Rf
possorted_genome_bam_NUJC8:CGCGTTTCAGCGATCCx,mt4Rf
possorted_genome_bam_NUJC8:CGATCGGGTAAGTAGTx,mt4Rf
possorted_genome_bam_NUJC8:CGCGTTTTCGTTTAGGx,mt4Rf
possorted_genome_bam_NUJC8:CGCTATCCATTAACCGx,mt4Rf
possorted_genome_bam_NUJC8:CGAGCCATCGTAGATCx,mt4Rf
possorted_genome_bam_NUJC8:CGCCAAGTCGACAGCCx,mt4Rf
possorted_genome_bam_NUJC8:CGCTATCCAGACAGGTx,mt4Rf
possorted_genome_bam_NUJC8:CGATGGCGTAAATGACx,mt4Rf
possorted_genome_bam_NUJC8:CGCCAAGCATCACCCTx,mt4Rf
possorted_genome_bam_NUJC8:CGAGCACTCAGTCAGTx,mt4Rf
possorted_genome_bam_NUJC8:CGCGGTAAGCAGATCGx,mt4Rf
possorted_genome_bam_NUJC8:CGATGTACAAGAGTCGx,mt4Rf
possorted_genome_bam_NUJC8:CGCGGTACAAGTACCTx,mt4Rf
possorted_genome_bam_NUJC8:CGATCGGGTAGCGCTCx,mt4Rf
possorted_genome_bam_NUJC8:CGATGGCGTCGGATCCx,mt4Rf
possorted_genome_bam_NUJC8:CGAGAAGGTATGAAACx,mt4Rf
possorted_genome_bam_NUJC8:CGAGCCACATTGCGGCx,mt4Rf
possorted_genome_bam_NUJC8:CGAGAAGCAAGGTTTCx,mt4Rf
possorted_genome_bam_NUJC8:CGAGCACGTGATGATAx,mt4Rf
possorted_genome_bam_NUJC8:CGAGCACGTCTGCGGTx,mt4Rf
possorted_genome_bam_NUJC8:CGAGCCATCACCTCGTx,mt4Rf
possorted_genome_bam_NUJC8:CGCTATCTCACTTATCx,mt4Rf
possorted_genome_bam_NUJC8:CGAGAAGCAGAGCCAAx,mt4Rf
possorted_genome_bam_NUJC8:CGAGCCAGTAAGGGCTx,mt4Rf
possorted_genome_bam_NUJC8:CGATGTAGTTCACCTCx,mt4Rf
possorted_genome_bam_NUJC8:CGATTGAGTAATCGTCx,mt4Rf
possorted_genome_bam_NUJC8:CGCCAAGTCGGTGTCGx,mt4Rf
possorted_genome_bam_NUJC8:CGAGAAGCAGCTTAACx,mt4Rf
possorted_genome_bam_NUJC8:CGATTGACACTGTGTAx,mt4Rf
possorted_genome_bam_NUJC8:CGCTGGAAGAGGGATAx,mt4Rf
possorted_genome_bam_NUJC8:CGAGCCATCCCTTGCAx,mt4Rf
possorted_genome_bam_NUJC8:CGATTGATCTTCCTTCx,mt4Rf
possorted_genome_bam_NUJC8:CGCGGTAGTGAGGCTAx,mt4Rf
possorted_genome_bam_NUJC8:CGATCGGGTAGCTGCCx,mt4Rf
possorted_genome_bam_NUJC8:CGCGTTTCATAACCTGx,mt4Rf
possorted_genome_bam_NUJC8:CGATCGGAGTGGAGTCx,mt4Rf
possorted_genome_bam_NUJC8:CGATCGGTCGGTGTTAx,mt4Rf
possorted_genome_bam_NUJC8:CGATTGAAGTAGGTGCx,mt4Rf
possorted_genome_bam_NUJC8:CGATGTAAGGAACTGCx,mt4Rf
possorted_genome_bam_NUJC8:CGAGCACTCTGGTATGx,mt4Rf
possorted_genome_bam_NUJC8:CGATGTAAGCAGACTGx,mt4Rf
possorted_genome_bam_NUJC8:CGCCAAGGTGACTACTx,mt4Rf
possorted_genome_bam_NUJC8:CGCGTTTCACATTAGCx,mt4Rf
possorted_genome_bam_NUJC8:CGCTATCCAATGAATGx,mt4Rf
possorted_genome_bam_NUJC8:CGATGGCCAGGACGTAx,mt4Rf
possorted_genome_bam_NUJC8:CGCTATCCACGGCCATx,mt4Rf
possorted_genome_bam_NUJC8:CGATGTACAGGGATTGx,mt4Rf
possorted_genome_bam_NUJC8:CGCCAAGGTCAGCTATx,mt4Rf
possorted_genome_bam_NUJC8:CGCCAAGTCCCTAATTx,mt4Rf
possorted_genome_bam_NUJC8:CGGACACTCCGCATAAx,mt4Rf
possorted_genome_bam_NUJC8:CGGAGTCTCCGAAGAGx,mt4Rf
possorted_genome_bam_NUJC8:CGCTGGATCTCCTATAx,mt4Rf
possorted_genome_bam_NUJC8:CGGACACAGTGGAGAAx,mt4Rf
possorted_genome_bam_NUJC8:CGGAGCTGTCAGAAGCx,mt4Rf
possorted_genome_bam_NUJC8:CGGAGTCGTCACCTAAx,mt4Rf
possorted_genome_bam_NUJC8:CGGTTAACATTATCTCx,mt4Rf
possorted_genome_bam_NUJC8:CGGAGTCGTCGGGTCTx,mt4Rf
possorted_genome_bam_NUJC8:CGGGTCAAGTGTCTCAx,mt4Rf
possorted_genome_bam_NUJC8:CGGACACTCTTCATGTx,mt4Rf
possorted_genome_bam_NUJC8:CGTAGGCAGACAAGCCx,mt4Rf
possorted_genome_bam_NUJC8:CGCTTCAGTCGGCTCAx,mt4Rf
possorted_genome_bam_NUJC8:CGGACGTGTTAAAGTGx,mt4Rf
possorted_genome_bam_NUJC8:CGTAGCGGTACTCAACx,mt4Rf
possorted_genome_bam_NUJC8:CGTAGGCCACATGACTx,mt4Rf
possorted_genome_bam_NUJC8:CGGCTAGGTCCATCCTx,mt4Rf
possorted_genome_bam_NUJC8:CGGACACGTGTGCCTGx,mt4Rf
possorted_genome_bam_NUJC8:CGCTTCACACTGAAGGx,mt4Rf
possorted_genome_bam_NUJC8:CGTAGCGCAAGCGATGx,mt4Rf
possorted_genome_bam_NUJC8:CGGACTGTCTTGCCGTx,mt4Rf
possorted_genome_bam_NUJC8:CGTAGCGCAGCTCGCAx,mt4Rf
possorted_genome_bam_NUJC8:CGGTTAATCTTATCTGx,mt4Rf
possorted_genome_bam_NUJC8:CGGCTAGCATTCCTGCx,mt4Rf
possorted_genome_bam_NUJC8:CGGGTCAAGCTGAAATx,mt4Rf
possorted_genome_bam_NUJC8:CGGGTCAGTACCGTATx,mt4Rf
possorted_genome_bam_NUJC8:CGGAGTCAGTCCATACx,mt4Rf
possorted_genome_bam_NUJC8:CGGGTCAGTCGCATATx,mt4Rf
possorted_genome_bam_NUJC8:CGCTGGATCAATCTCTx,mt4Rf
possorted_genome_bam_NUJC8:CGGCTAGCATGCTGGCx,mt4Rf
possorted_genome_bam_NUJC8:CGCTTCACACAGCCCAx,mt4Rf
possorted_genome_bam_NUJC8:CGGCTAGGTAGAAAGGx,mt4Rf
possorted_genome_bam_NUJC8:CGCTGGAGTACCGAGAx,mt4Rf
possorted_genome_bam_NUJC8:CGGTTAATCCAGATCAx,mt4Rf
possorted_genome_bam_NUJC8:CGCTTCACATCCAACAx,mt4Rf
possorted_genome_bam_NUJC8:CGGCTAGGTTAAGACAx,mt4Rf
possorted_genome_bam_NUJC8:CGTAGGCGTCTCTTATx,mt4Rf
possorted_genome_bam_NUJC8:CGTAGCGCAACACCCGx,mt4Rf
possorted_genome_bam_NUJC8:CGTAGCGCAGCTCCGAx,mt4Rf
possorted_genome_bam_NUJC8:CGGACTGCAGTATGCTx,mt4Rf
possorted_genome_bam_NUJC8:CGGAGCTGTTTGTTGGx,mt4Rf
possorted_genome_bam_NUJC8:CGGAGCTTCAACACGTx,mt4Rf
possorted_genome_bam_NUJC8:CGCTTCAAGACTGTAAx,mt4Rf
possorted_genome_bam_NUJC8:CGGCTAGTCTGCCCTAx,mt4Rf
possorted_genome_bam_NUJC8:CGGACACGTAGGACACx,mt4Rf
possorted_genome_bam_NUJC8:CGGCTAGGTGGGTATGx,mt4Rf
possorted_genome_bam_NUJC8:CGGGTCAGTAAACCTCx,mt4Rf
possorted_genome_bam_NUJC8:CGGTTAAGTAGGACACx,mt4Rf
possorted_genome_bam_NUJC8:CGGAGCTAGCCAGTTTx,mt4Rf
possorted_genome_bam_NUJC8:CGCTTCAGTCTGATTGx,mt4Rf
possorted_genome_bam_NUJC8:CGGAGCTTCTTAGCCCx,mt4Rf
possorted_genome_bam_NUJC8:CGCTTCAGTAGTACCTx,mt4Rf
possorted_genome_bam_NUJC8:CGGACGTAGCGTTCCGx,mt4Rf
possorted_genome_bam_NUJC8:CGGAGCTCACTTACGAx,mt4Rf
possorted_genome_bam_NUJC8:CGGCTAGCAGGAATCGx,mt4Rf
possorted_genome_bam_NUJC8:CGGCTAGAGTCTTGCAx,mt4Rf
possorted_genome_bam_NUJC8:CGGACTGCACGGTAAGx,mt4Rf
possorted_genome_bam_NUJC8:CGGCTAGTCCGTTGTCx,mt4Rf
possorted_genome_bam_NUJC8:CGCTTCAGTCAATACCx,mt4Rf
possorted_genome_bam_NUJC8:CGCTGGAGTCGAGATGx,mt4Rf
possorted_genome_bam_NUJC8:CGGACGTTCGCATGATx,mt4Rf
possorted_genome_bam_NUJC8:CGGACGTAGTACGTTCx,mt4Rf
possorted_genome_bam_NUJC8:CGGAGCTTCTATCCCGx,mt4Rf
possorted_genome_bam_NUJC8:CGGTTAATCTTGCAAGx,mt4Rf
possorted_genome_bam_NUJC8:CGCTTCACAATACGCTx,mt4Rf
possorted_genome_bam_NUJC8:CGGAGCTAGAATAGGGx,mt4Rf
possorted_genome_bam_NUJC8:CGGACGTAGATATACGx,mt4Rf
possorted_genome_bam_NUJC8:CGTAGGCCACTACAGTx,mt4Rf
possorted_genome_bam_NUJC8:CGGACGTGTCACAAGGx,mt4Rf
possorted_genome_bam_NUJC8:CGTAGGCAGGCGTACAx,mt4Rf
possorted_genome_bam_NUJC8:CGGAGTCGTAGCACGAx,mt4Rf
possorted_genome_bam_NUJC8:CGGGTCAAGAGTTGGCx,mt4Rf
possorted_genome_bam_NUJC8:CGGTTAAAGGCTATCTx,mt4Rf
possorted_genome_bam_NUJC8:CGCTGGACATTCGACAx,mt4Rf
possorted_genome_bam_NUJC8:CGCTTCACATTTGCCCx,mt4Rf
possorted_genome_bam_NUJC8:CGGACGTCATCGGGTCx,mt4Rf
possorted_genome_bam_NUJC8:CGGACACTCGTACGGCx,mt4Rf
possorted_genome_bam_NUJC8:CGGAGCTAGGACGAAAx,mt4Rf
possorted_genome_bam_NUJC8:CGCTGGAGTCAATGTCx,mt4Rf
possorted_genome_bam_NUJC8:CGGCTAGCATGCCCGAx,mt4Rf
possorted_genome_bam_NUJC8:CGTAGGCGTGTTCGATx,mt4Rf
possorted_genome_bam_NUJC8:CGGAGCTCACAGACTTx,mt4Rf
possorted_genome_bam_NUJC8:CGGCTAGAGTGAACGCx,mt4Rf
possorted_genome_bam_NUJC8:CGGACGTTCCGCGCAAx,mt4Rf
possorted_genome_bam_NUJC8:CGCTGGAGTTGGTAAAx,mt4Rf
possorted_genome_bam_NUJC8:CGGACGTCATGCAACTx,mt4Rf
possorted_genome_bam_NUJC8:CGGGTCAGTCAAAGCGx,mt4Rf
possorted_genome_bam_NUJC8:CGGACGTAGACGCAACx,mt4Rf
possorted_genome_bam_NUJC8:CGTAGCGCAAGTAATGx,mt4Rf
possorted_genome_bam_NUJC8:CGGACTGGTGCGCTTGx,mt4Rf
possorted_genome_bam_NUJC8:CGGAGTCGTCTAAACCx,mt4Rf
possorted_genome_bam_NUJC8:CGCTTCATCCTTGACCx,mt4Rf
possorted_genome_bam_NUJC8:CGGACTGCACGCGAAAx,mt4Rf
possorted_genome_bam_NUJC8:CGGAGCTCATGCAATCx,mt4Rf
possorted_genome_bam_NUJC8:CGGACTGTCGTTTATCx,mt4Rf
possorted_genome_bam_NUJC8:CGGACACCAGGCTCACx,mt4Rf
possorted_genome_bam_NUJC8:CGCTGGAGTCCCTACTx,mt4Rf
possorted_genome_bam_NUJC8:CGGGTCACACGGCTACx,mt4Rf
possorted_genome_bam_NUJC8:CGGTTAAGTTCCCGAGx,mt4Rf
possorted_genome_bam_NUJC8:CGTGAGCGTATCACCAx,mt4Rf
possorted_genome_bam_NUJC8:CGTGAGCAGGACGAAAx,mt4Rf
possorted_genome_bam_NUJC8:CGTGAGCCAGATCCATx,mt4Rf
possorted_genome_bam_NUJC8:CGTGAGCTCATTGCCCx,mt4Rf
possorted_genome_bam_NUJC8:CGTCAGGTCATCGATGx,mt4Rf
possorted_genome_bam_NUJC8:CGTCTACCAAGTTAAGx,mt4Rf
possorted_genome_bam_NUJC8:CTAATGGCATACTCTTx,mt4Rf
possorted_genome_bam_NUJC8:CGTTGGGCAACGATCTx,mt4Rf
possorted_genome_bam_NUJC8:CGTGTAAAGCGTAGTGx,mt4Rf
possorted_genome_bam_NUJC8:CGTCAGGCACAACGCCx,mt4Rf
possorted_genome_bam_NUJC8:CGTGTAACATCACGTAx,mt4Rf
possorted_genome_bam_NUJC8:CGTCACTAGTAGGTGCx,mt4Rf
possorted_genome_bam_NUJC8:CGTCACTGTTCAACCAx,mt4Rf
possorted_genome_bam_NUJC8:CGTCCATCATCGACGCx,mt4Rf
possorted_genome_bam_NUJC8:CGTGAGCGTCTAGTCAx,mt4Rf
possorted_genome_bam_NUJC8:CGTTCTGGTCCGTCAGx,mt4Rf
possorted_genome_bam_NUJC8:CGTCCATGTCTAGGTTx,mt4Rf
possorted_genome_bam_NUJC8:CTAACTTGTGCGGTAAx,mt4Rf
possorted_genome_bam_NUJC8:CTAAGACCATCTATGGx,mt4Rf
possorted_genome_bam_NUJC8:CGTGTAATCAGGATCTx,mt4Rf
possorted_genome_bam_NUJC8:CGTCACTGTCATCCCTx,mt4Rf
possorted_genome_bam_NUJC8:CGTGTCTTCAAACGGGx,mt4Rf
possorted_genome_bam_NUJC8:CGTGTCTGTAGGCTGAx,mt4Rf
possorted_genome_bam_NUJC8:CTAAGACCAGGTGCCTx,mt4Rf
possorted_genome_bam_NUJC8:CGTCTACAGTGTACCTx,mt4Rf
possorted_genome_bam_NUJC8:CTAAGACTCATGCTCCx,mt4Rf
possorted_genome_bam_NUJC8:CGTTCTGAGTTGTCGTx,mt4Rf
possorted_genome_bam_NUJC8:CGTTGGGCAGTATCTGx,mt4Rf
possorted_genome_bam_NUJC8:CGTTCTGTCATACGGTx,mt4Rf
possorted_genome_bam_NUJC8:CGTCAGGGTGAGCGATx,mt4Rf
possorted_genome_bam_NUJC8:CGTCACTAGTCCGTATx,mt4Rf
possorted_genome_bam_NUJC8:CGTTGGGAGATCCTGTx,mt4Rf
possorted_genome_bam_NUJC8:CGTCAGGTCGTCTGCTx,mt4Rf
possorted_genome_bam_NUJC8:CGTGAGCAGCTCTCGGx,mt4Rf
possorted_genome_bam_NUJC8:CGTCACTCATTGTGCAx,mt4Rf
possorted_genome_bam_NUJC8:CTAATGGAGTTGCAGGx,mt4Rf
possorted_genome_bam_NUJC8:CGTTGGGAGGTGACCAx,mt4Rf
possorted_genome_bam_NUJC8:CGTGTAAGTCTCATCCx,mt4Rf
possorted_genome_bam_NUJC8:CTAATGGAGCGCCTCAx,mt4Rf
possorted_genome_bam_NUJC8:CGTGTCTGTTGGTTTGx,mt4Rf
possorted_genome_bam_NUJC8:CGTTGGGTCAATCACGx,mt4Rf
possorted_genome_bam_NUJC8:CGTCACTTCAGCTGGCx,mt4Rf
possorted_genome_bam_NUJC8:CGTTCTGAGAATTCCCx,mt4Rf
possorted_genome_bam_NUJC8:CGTGAGCGTCACCTAAx,mt4Rf
possorted_genome_bam_NUJC8:CGTTAGAGTGCAGTAGx,mt4Rf
possorted_genome_bam_NUJC8:CGTTCTGCATTCTTACx,mt4Rf
possorted_genome_bam_NUJC8:CTAAGACGTAGCCTATx,mt4Rf
possorted_genome_bam_NUJC8:CGTCTACAGGGCATGTx,mt4Rf
possorted_genome_bam_NUJC8:CGTTAGAGTAGCGTAGx,mt4Rf
possorted_genome_bam_NUJC8:CGTCTACGTCTTCGTCx,mt4Rf
possorted_genome_bam_NUJC8:CGTCTACAGTAGCCGAx,mt4Rf
possorted_genome_bam_NUJC8:CGTGTAACAAACCCATx,mt4Rf
possorted_genome_bam_NUJC8:CGTCACTCAGCGAACAx,mt4Rf
possorted_genome_bam_NUJC8:CGTTAGACACATCCAAx,mt4Rf
possorted_genome_bam_NUJC8:CGTGTCTGTACGCACCx,mt4Rf
possorted_genome_bam_NUJC8:CGTTAGACAAGAGTCGx,mt4Rf
possorted_genome_bam_NUJC8:CTAACTTTCATTTGGGx,mt4Rf
possorted_genome_bam_NUJC8:CGTGTCTAGCTGATAAx,mt4Rf
possorted_genome_bam_NUJC8:CGTGAGCAGGCTCAGAx,mt4Rf
possorted_genome_bam_NUJC8:CGTTGGGGTCAGAGGTx,mt4Rf
possorted_genome_bam_NUJC8:CGTCTACCAGTCACTAx,mt4Rf
possorted_genome_bam_NUJC8:CGTTAGATCAGCGACCx,mt4Rf
possorted_genome_bam_NUJC8:CGTGTCTGTCGAATCTx,mt4Rf
possorted_genome_bam_NUJC8:CGTTAGATCGGCGCTAx,mt4Rf
possorted_genome_bam_NUJC8:CGTCCATTCGCTTGTCx,mt4Rf
possorted_genome_bam_NUJC8:CGTCTACTCTGTACGAx,mt4Rf
possorted_genome_bam_NUJC8:CGTCCATTCACAAACCx,mt4Rf
possorted_genome_bam_NUJC8:CGTCTACAGTGAACGCx,mt4Rf
possorted_genome_bam_NUJC8:CGTAGGCTCATTTGGGx,mt4Rf
possorted_genome_bam_NUJC8:CGTCACTAGGCCGAATx,mt4Rf
possorted_genome_bam_NUJC8:CGTTAGAAGTGGTAGCx,mt4Rf
possorted_genome_bam_NUJC8:CGTTGGGTCGCTAGCGx,mt4Rf
possorted_genome_bam_NUJC8:CTAAGACGTCTCACCTx,mt4Rf
possorted_genome_bam_NUJC8:CGTCTACTCGGAATCTx,mt4Rf
possorted_genome_bam_NUJC8:CGTCTACCAATTCCTTx,mt4Rf
possorted_genome_bam_NUJC8:CGTGTAAGTTACCAGTx,mt4Rf
possorted_genome_bam_NUJC8:CGTTGGGCATGATCCAx,mt4Rf
possorted_genome_bam_NUJC8:CGTTGGGCATGCCTTCx,mt4Rf
possorted_genome_bam_NUJC8:CGTGTAATCAGTGTTGx,mt4Rf
possorted_genome_bam_NUJC8:CGTCCATCAAGTCTACx,mt4Rf
possorted_genome_bam_NUJC8:CGTTGGGAGCCGGTAAx,mt4Rf
possorted_genome_bam_NUJC8:CTAATGGCATGTCTCCx,mt4Rf
possorted_genome_bam_NUJC8:CGTGAGCAGACCACGAx,mt4Rf
possorted_genome_bam_NUJC8:CTAAGACAGGAGTCTGx,mt4Rf
possorted_genome_bam_NUJC8:CGTGTCTAGTACGACGx,mt4Rf
possorted_genome_bam_NUJC8:CTAACTTCATGAACCTx,mt4Rf
possorted_genome_bam_NUJC8:CGTGTAAAGCTCCTTCx,mt4Rf
possorted_genome_bam_NUJC8:CGTGTCTCACTGCCAGx,mt4Rf
possorted_genome_bam_NUJC8:CGTCTACTCTCACATTx,mt4Rf
possorted_genome_bam_NUJC8:CGTTCTGCAGTATAAGx,mt4Rf
possorted_genome_bam_NUJC8:CGTGAGCGTGATGCCCx,mt4Rf
possorted_genome_bam_NUJC8:CGTGAGCAGTGTACGGx,mt4Rf
possorted_genome_bam_NUJC8:CGTCACTGTACTTCTTx,mt4Rf
possorted_genome_bam_NUJC8:CGTCCATTCTGTACGAx,mt4Rf
possorted_genome_bam_NUJC8:CGTTGGGTCGGACAAGx,mt4Rf
possorted_genome_bam_NUJC8:CGTGTAATCCTTCAATx,mt4Rf
possorted_genome_bam_NUJC8:CTAGTGACAGAGTGTGx,mt4Rf
possorted_genome_bam_NUJC8:CTACGTCGTTCTGTTTx,mt4Rf
possorted_genome_bam_NUJC8:CTAGAGTGTTGGACCCx,mt4Rf
possorted_genome_bam_NUJC8:CTAATGGTCGGCATCGx,mt4Rf
possorted_genome_bam_NUJC8:CTCAGAACACAAGTAAx,mt4Rf
possorted_genome_bam_NUJC8:CTCACACCACACAGAGx,mt4Rf
possorted_genome_bam_NUJC8:CTCACACAGCGCTTATx,mt4Rf
possorted_genome_bam_NUJC8:CTAGCCTCAGGGCATAx,mt4Rf
possorted_genome_bam_NUJC8:CTACCCAGTCTCACCTx,mt4Rf
possorted_genome_bam_NUJC8:CTCACACTCTTTCCTCx,mt4Rf
possorted_genome_bam_NUJC8:CTACGTCAGGTCATCTx,mt4Rf
possorted_genome_bam_NUJC8:CTAGTGAAGGTGGGTTx,mt4Rf
possorted_genome_bam_NUJC8:CTCAGAATCACTCCTGx,mt4Rf
possorted_genome_bam_NUJC8:CTCAGAATCACCGGGTx,mt4Rf
possorted_genome_bam_NUJC8:CTAGAGTGTCTGCCAGx,mt4Rf
possorted_genome_bam_NUJC8:CTACACCCACCTTGTCx,mt4Rf
possorted_genome_bam_NUJC8:CTCATTAGTCGTTGTAx,mt4Rf
possorted_genome_bam_NUJC8:CTCACACAGATGTGGCx,mt4Rf
possorted_genome_bam_NUJC8:CTACGTCTCTCGGACGx,mt4Rf
possorted_genome_bam_NUJC8:CTAGTGAGTAAGCACGx,mt4Rf
possorted_genome_bam_NUJC8:CTCATTAAGTTAAGTGx,mt4Rf
possorted_genome_bam_NUJC8:CTCAGAATCCGCATCTx,mt4Rf
possorted_genome_bam_NUJC8:CTAGAGTCATTCTTACx,mt4Rf
possorted_genome_bam_NUJC8:CTACACCAGTGCGATGx,mt4Rf
possorted_genome_bam_NUJC8:CTACGTCCACTCTGTCx,mt4Rf
possorted_genome_bam_NUJC8:CTCCTAGGTGAGCGATx,mt4Rf
possorted_genome_bam_NUJC8:CTAGCCTGTAGAGGAAx,mt4Rf
possorted_genome_bam_NUJC8:CTCAGAACACATTCGAx,mt4Rf
possorted_genome_bam_NUJC8:CTACACCGTGTCAATCx,mt4Rf
possorted_genome_bam_NUJC8:CTACACCCAGACGCTCx,mt4Rf
possorted_genome_bam_NUJC8:CTAGTGATCTTTACGTx,mt4Rf
possorted_genome_bam_NUJC8:CTACGTCAGACCCACCx,mt4Rf
possorted_genome_bam_NUJC8:CTCATTAAGATCACGGx,mt4Rf
possorted_genome_bam_NUJC8:CTAGCCTAGAGTTGGCx,mt4Rf
possorted_genome_bam_NUJC8:CTAGTGACAGACAAATx,mt4Rf
possorted_genome_bam_NUJC8:CTAATGGTCTTTACGTx,mt4Rf
possorted_genome_bam_NUJC8:CTCAGAACATGTAGTCx,mt4Rf
possorted_genome_bam_NUJC8:CTACATTCACGTTGGCx,mt4Rf
possorted_genome_bam_NUJC8:CTACGTCGTGGCTCCAx,mt4Rf
possorted_genome_bam_NUJC8:CTACGTCGTGATAAACx,mt4Rf
possorted_genome_bam_NUJC8:CTCATTATCATGCAACx,mt4Rf
possorted_genome_bam_NUJC8:CTCAGAAGTGAGCGATx,mt4Rf
possorted_genome_bam_NUJC8:CTAGAGTAGTTACGGGx,mt4Rf
possorted_genome_bam_NUJC8:CTCATTAGTCTAGAGGx,mt4Rf
possorted_genome_bam_NUJC8:CTCAGAAGTGCAACTTx,mt4Rf
possorted_genome_bam_NUJC8:CTAGTGACACAGATTCx,mt4Rf
possorted_genome_bam_NUJC8:CTACCCACAAGCGTAGx,mt4Rf
possorted_genome_bam_NUJC8:CTCAGAACATATGGTCx,mt4Rf
possorted_genome_bam_NUJC8:CTACATTGTAATTGGAx,mt4Rf
possorted_genome_bam_NUJC8:CTCATTATCGAGCCCAx,mt4Rf
possorted_genome_bam_NUJC8:CTACCCATCCACGTTCx,mt4Rf
possorted_genome_bam_NUJC8:CTCATTACAAGCTGGAx,mt4Rf
possorted_genome_bam_NUJC8:CTACCCAGTTCCAACAx,mt4Rf
possorted_genome_bam_NUJC8:CTCAGAATCAGTCCCTx,mt4Rf
possorted_genome_bam_NUJC8:CTACGTCAGTGGAGTCx,mt4Rf
possorted_genome_bam_NUJC8:CTAGTGAGTCTCGTTCx,mt4Rf
possorted_genome_bam_NUJC8:CTAGAGTAGCATCATCx,mt4Rf
possorted_genome_bam_NUJC8:CTCACACAGCCAACAGx,mt4Rf
possorted_genome_bam_NUJC8:CTACATTTCCTATTCAx,mt4Rf
possorted_genome_bam_NUJC8:CTCACACAGCTAGTGGx,mt4Rf
possorted_genome_bam_NUJC8:CTCGAAAAGTATCGAAx,mt4Rf
possorted_genome_bam_NUJC8:CTCAGAACATTGGTACx,mt4Rf
possorted_genome_bam_NUJC8:CTCCTAGGTCTGGTCGx,mt4Rf
possorted_genome_bam_NUJC8:CTCAGAATCAACGCTAx,mt4Rf
possorted_genome_bam_NUJC8:CTACGTCCATCACGATx,mt4Rf
possorted_genome_bam_NUJC8:CTACACCTCAATCTCTx,mt4Rf
possorted_genome_bam_NUJC8:CTCCTAGTCAGCGACCx,mt4Rf
possorted_genome_bam_NUJC8:CTACATTAGATACACAx,mt4Rf
possorted_genome_bam_NUJC8:CTAGTGATCAGCTCGGx,mt4Rf
possorted_genome_bam_NUJC8:CTACGTCGTCGGGTCTx,mt4Rf
possorted_genome_bam_NUJC8:CTCACACTCCTGTACCx,mt4Rf
possorted_genome_bam_NUJC8:CTCCTAGGTAGCCTATx,mt4Rf
possorted_genome_bam_NUJC8:CTACGTCAGCGATATAx,mt4Rf
possorted_genome_bam_NUJC8:CTACGTCGTGTGCGTCx,mt4Rf
possorted_genome_bam_NUJC8:CTACCCATCCCAACGGx,mt4Rf
possorted_genome_bam_NUJC8:CTCCTAGGTGAGGGTTx,mt4Rf
possorted_genome_bam_NUJC8:CTCAGAATCGTGACATx,mt4Rf
possorted_genome_bam_NUJC8:CTACCCAAGGTAGCCAx,mt4Rf
possorted_genome_bam_NUJC8:CTCGAAAAGAGATGAGx,mt4Rf
possorted_genome_bam_NUJC8:CTAGCCTGTTACGACTx,mt4Rf
possorted_genome_bam_NUJC8:CTCAGAAGTAGTAGTAx,mt4Rf
possorted_genome_bam_NUJC8:CTACGTCCATAGTAAGx,mt4Rf
possorted_genome_bam_NUJC8:CTACCCAAGAAGGTTTx,mt4Rf
possorted_genome_bam_NUJC8:CTAGTGACAGCCACCAx,mt4Rf
possorted_genome_bam_NUJC8:CTAGTGAGTTTCCACCx,mt4Rf
possorted_genome_bam_NUJC8:CTACACCCAGAAGCACx,mt4Rf
possorted_genome_bam_NUJC8:CTCACACAGTTCGCGCx,mt4Rf
possorted_genome_bam_NUJC8:CTCACACAGATGTAACx,mt4Rf
possorted_genome_bam_NUJC8:CTACCCAAGAGTCTGGx,mt4Rf
possorted_genome_bam_NUJC8:CTAATGGTCGAATGCTx,mt4Rf
possorted_genome_bam_NUJC8:CTCATTAGTAAGAGAGx,mt4Rf
possorted_genome_bam_NUJC8:CTCAGAAGTGTTTGGTx,mt4Rf
possorted_genome_bam_NUJC8:CTAATGGGTCTAAACCx,mt4Rf
possorted_genome_bam_NUJC8:CTAGCCTTCGAGAACGx,mt4Rf
possorted_genome_bam_NUJC8:CTCAGAAGTCTCCCTAx,mt4Rf
possorted_genome_bam_NUJC8:CTCATTAGTGGTCTCGx,mt4Rf
possorted_genome_bam_NUJC8:CTACATTTCGTTACGAx,mt4Rf
possorted_genome_bam_NUJC8:CTACATTCATCCCACTx,mt4Rf
possorted_genome_bam_NUJC8:CTACATTTCACTATTCx,mt4Rf
possorted_genome_bam_NUJC8:CTCGGGAAGAGTCTGGx,mt4Rf
possorted_genome_bam_NUJC8:CTCTGGTAGGCTCTTAx,mt4Rf
possorted_genome_bam_NUJC8:CTCGGGAAGATCCTGTx,mt4Rf
possorted_genome_bam_NUJC8:CTCGAAATCCGCAGTGx,mt4Rf
possorted_genome_bam_NUJC8:CTCTAATGTCCGTCAGx,mt4Rf
possorted_genome_bam_NUJC8:CTCTACGGTATCTGCAx,mt4Rf
possorted_genome_bam_NUJC8:CTCGAGGAGGAGTCTGx,mt4Rf
possorted_genome_bam_NUJC8:CTCTGGTAGTCCGTATx,mt4Rf
possorted_genome_bam_NUJC8:CTCTAATGTTCAGTACx,mt4Rf
possorted_genome_bam_NUJC8:CTGAAACAGATCGATAx,mt4Rf
possorted_genome_bam_NUJC8:CTCGTCATCGAATGCTx,mt4Rf
possorted_genome_bam_NUJC8:CTCGGGAGTATGAAACx,mt4Rf
possorted_genome_bam_NUJC8:CTGAAACCACTGTCGGx,mt4Rf
possorted_genome_bam_NUJC8:CTCTGGTAGTTTAGGAx,mt4Rf
possorted_genome_bam_NUJC8:CTCGAGGTCCACTCCAx,mt4Rf
possorted_genome_bam_NUJC8:CTCTAATCAAGACACGx,mt4Rf
possorted_genome_bam_NUJC8:CTCTACGTCGGATGTTx,mt4Rf
possorted_genome_bam_NUJC8:CTCGAAATCTATGTGGx,mt4Rf
possorted_genome_bam_NUJC8:CTCTAATAGGTAGCCAx,mt4Rf
possorted_genome_bam_NUJC8:CTGAAGTAGTCACGCCx,mt4Rf
possorted_genome_bam_NUJC8:CTCGTCATCGGACAAGx,mt4Rf
possorted_genome_bam_NUJC8:CTCTACGTCGCTTAGAx,mt4Rf
possorted_genome_bam_NUJC8:CTGAAACAGCGATCCCx,mt4Rf
possorted_genome_bam_NUJC8:CTCTAATGTATTCTCTx,mt4Rf
possorted_genome_bam_NUJC8:CTCGTCACACGGTAGAx,mt4Rf
possorted_genome_bam_NUJC8:CTCTAATGTTCAACCAx,mt4Rf
possorted_genome_bam_NUJC8:CTGAAGTAGCTGTTCAx,mt4Rf
possorted_genome_bam_NUJC8:CTCGGAGGTGTATGGGx,mt4Rf
possorted_genome_bam_NUJC8:CTCGAAACATACGCTAx,mt4Rf
possorted_genome_bam_NUJC8:CTCGTCATCAGCTCGGx,mt4Rf
possorted_genome_bam_NUJC8:CTCTAATAGCAATATGx,mt4Rf
possorted_genome_bam_NUJC8:CTGAAGTAGATCTGCTx,mt4Rf
possorted_genome_bam_NUJC8:CTGAAACGTAAAGTCAx,mt4Rf
possorted_genome_bam_NUJC8:CTGAAACTCCTTAATCx,mt4Rf
possorted_genome_bam_NUJC8:CTCGTCAAGCTACCTAx,mt4Rf
possorted_genome_bam_NUJC8:CTCGGAGGTTTCGCTCx,mt4Rf
possorted_genome_bam_NUJC8:CTGAAACGTATCACCAx,mt4Rf
possorted_genome_bam_NUJC8:CTCGTACTCCAAACACx,mt4Rf
possorted_genome_bam_NUJC8:CTCGAGGTCAGCGATTx,mt4Rf
possorted_genome_bam_NUJC8:CTCGTCAAGAGGACGGx,mt4Rf
possorted_genome_bam_NUJC8:CTCGAGGAGGTGATTAx,mt4Rf
possorted_genome_bam_NUJC8:CTGAAACGTCCGTGACx,mt4Rf
possorted_genome_bam_NUJC8:CTCGTCAAGCTTTGGTx,mt4Rf
possorted_genome_bam_NUJC8:CTGAAGTCACCGATATx,mt4Rf
possorted_genome_bam_NUJC8:CTCGTACAGCAACGGTx,mt4Rf
possorted_genome_bam_NUJC8:CTCGGGAAGGAGTCTGx,mt4Rf
possorted_genome_bam_NUJC8:CTCGTCAAGATATACGx,mt4Rf
possorted_genome_bam_NUJC8:CTCTAATGTCCGACGTx,mt4Rf
possorted_genome_bam_NUJC8:CTCTAATAGGCCGAATx,mt4Rf
possorted_genome_bam_NUJC8:CTCTGGTCAGATAATGx,mt4Rf
possorted_genome_bam_NUJC8:CTGAAACCATCGGACCx,mt4Rf
possorted_genome_bam_NUJC8:CTCGGGAGTTATCGGTx,mt4Rf
possorted_genome_bam_NUJC8:CTCTAATCAAGCCGCTx,mt4Rf
possorted_genome_bam_NUJC8:CTCTAATAGTAAGTACx,mt4Rf
possorted_genome_bam_NUJC8:CTCTAATAGCTACCGCx,mt4Rf
possorted_genome_bam_NUJC8:CTCGTACCAGGCTCACx,mt4Rf
possorted_genome_bam_NUJC8:CTCGTCAGTGCACGAAx,mt4Rf
possorted_genome_bam_NUJC8:CTGAAACCACATGACTx,mt4Rf
possorted_genome_bam_NUJC8:CTCTAATGTCTAACGTx,mt4Rf
possorted_genome_bam_NUJC8:CTGAAGTCATGGAATAx,mt4Rf
possorted_genome_bam_NUJC8:CTCGGGAAGCCCAACCx,mt4Rf
possorted_genome_bam_NUJC8:CTCGAAATCCAAGCCGx,mt4Rf
possorted_genome_bam_NUJC8:CTCGTCAAGGTGTTAAx,mt4Rf
possorted_genome_bam_NUJC8:CTCGTACAGTCCGTATx,mt4Rf
possorted_genome_bam_NUJC8:CTCGTACAGTAGATGTx,mt4Rf
possorted_genome_bam_NUJC8:CTCTAATGTCTTCGTCx,mt4Rf
possorted_genome_bam_NUJC8:CTGAAACTCAGCGACCx,mt4Rf
possorted_genome_bam_NUJC8:CTCGGAGGTCTCTTATx,mt4Rf
possorted_genome_bam_NUJC8:CTGAAGTCATATACCGx,mt4Rf
possorted_genome_bam_NUJC8:CTCGGAGGTACGACCCx,mt4Rf
possorted_genome_bam_NUJC8:CTCGTACGTACCATCAx,mt4Rf
possorted_genome_bam_NUJC8:CTGAAACCAGATCGGAx,mt4Rf
possorted_genome_bam_NUJC8:CTCTACGAGAAAGTGGx,mt4Rf
possorted_genome_bam_NUJC8:CTCGGAGAGGGATACCx,mt4Rf
possorted_genome_bam_NUJC8:CTCGAAACAAAGCGGTx,mt4Rf
possorted_genome_bam_NUJC8:CTGAAGTCACCTTGTCx,mt4Rf
possorted_genome_bam_NUJC8:CTCGTCAGTACATGTCx,mt4Rf
possorted_genome_bam_NUJC8:CTCGGAGTCGTACGGCx,mt4Rf
possorted_genome_bam_NUJC8:CTGAAGTCAGCTATTGx,mt4Rf
possorted_genome_bam_NUJC8:CTGAAACAGTACGCCCx,mt4Rf
possorted_genome_bam_NUJC8:CTCGAGGCAGCTCCGAx,mt4Rf
possorted_genome_bam_NUJC8:CTCGAGGTCTGGCGTGx,mt4Rf
possorted_genome_bam_NUJC8:CTCGTCACAAAGAATCx,mt4Rf
possorted_genome_bam_NUJC8:CTGAAACTCTCCAACCx,mt4Rf
possorted_genome_bam_NUJC8:CTCGGGAGTAGAGTGCx,mt4Rf
possorted_genome_bam_NUJC8:CTCGAGGAGCGGCTTCx,mt4Rf
possorted_genome_bam_NUJC8:CTCGGGAAGGCTAGGTx,mt4Rf
possorted_genome_bam_NUJC8:CTCGTACTCGTCTGCTx,mt4Rf
possorted_genome_bam_NUJC8:CTGAAACGTGTGAATAx,mt4Rf
possorted_genome_bam_NUJC8:CTCTGGTAGACTAGGCx,mt4Rf
possorted_genome_bam_NUJC8:CTGAAACAGGCGATACx,mt4Rf
possorted_genome_bam_NUJC8:CTCGAAATCAGGCAAGx,mt4Rf
possorted_genome_bam_NUJC8:CTGAAGTAGGGCTCTCx,mt4Rf
possorted_genome_bam_NUJC8:CTCGGGAAGGGTGTTGx,mt4Rf
possorted_genome_bam_NUJC8:CTCGGGAGTCACCTAAx,mt4Rf
possorted_genome_bam_NUJC8:CTGAAACAGAGTCGGTx,mt4Rf
possorted_genome_bam_NUJC8:CTCGAGGGTGTGGCTCx,mt4Rf
possorted_genome_bam_NUJC8:CTCGGAGTCCCATTTAx,mt4Rf
possorted_genome_bam_NUJC8:CTCTAATGTCTCCATCx,mt4Rf
possorted_genome_bam_NUJC8:CTCGGGACAGGTGCCTx,mt4Rf
possorted_genome_bam_NUJC8:CTGGTCTAGATGTGTAx,mt4Rf
possorted_genome_bam_NUJC8:CTGTGCTAGCCTATGTx,mt4Rf
possorted_genome_bam_NUJC8:CTGATCCTCAGTACGTx,mt4Rf
possorted_genome_bam_NUJC8:CTGATCCCAGATGGCAx,mt4Rf
possorted_genome_bam_NUJC8:CTTACCGTCGTATCAGx,mt4Rf
possorted_genome_bam_NUJC8:CTGTGCTCAAGCCGCTx,mt4Rf
possorted_genome_bam_NUJC8:CTGCCTATCTGCCCTAx,mt4Rf
possorted_genome_bam_NUJC8:CTTTGCGAGTATCTCGx,mt4Rf
possorted_genome_bam_NUJC8:CTGAAGTGTGATGTCTx,mt4Rf
possorted_genome_bam_NUJC8:CTTCTCTAGCGATCCCx,mt4Rf
possorted_genome_bam_NUJC8:CTGAAGTGTTACGTCAx,mt4Rf
possorted_genome_bam_NUJC8:CTTAACTGTAAGGGAAx,mt4Rf
possorted_genome_bam_NUJC8:CTTAGGAAGACCTTTGx,mt4Rf
possorted_genome_bam_NUJC8:CTGTTTAGTAGCGCTCx,mt4Rf
possorted_genome_bam_NUJC8:CTGCTGTGTTGCGCACx,mt4Rf
possorted_genome_bam_NUJC8:CTGATAGGTGCATCTAx,mt4Rf
possorted_genome_bam_NUJC8:CTGATAGGTCAGAATAx,mt4Rf
possorted_genome_bam_NUJC8:CTGTGCTCACATGTGTx,mt4Rf
possorted_genome_bam_NUJC8:CTGCGGATCGTTTAGGx,mt4Rf
possorted_genome_bam_NUJC8:CTTACCGAGAAACCTAx,mt4Rf
possorted_genome_bam_NUJC8:CTGATAGGTCCAACTAx,mt4Rf
possorted_genome_bam_NUJC8:CTTAACTAGATGAGAGx,mt4Rf
possorted_genome_bam_NUJC8:CTTACCGCACAGGCCTx,mt4Rf
possorted_genome_bam_NUJC8:CTGTTTAAGGGTCTCCx,mt4Rf
possorted_genome_bam_NUJC8:CTGTTTACAAACTGTCx,mt4Rf
possorted_genome_bam_NUJC8:CTTACCGAGGACATTAx,mt4Rf
possorted_genome_bam_NUJC8:CTGCGGATCGCGCCAAx,mt4Rf
possorted_genome_bam_NUJC8:CTGTTTACACCAGTTAx,mt4Rf
possorted_genome_bam_NUJC8:CTTGGCTCAATGTTGCx,mt4Rf
possorted_genome_bam_NUJC8:CTTAGGATCTTGGGTAx,mt4Rf
possorted_genome_bam_NUJC8:CTTAGGAAGGACAGCTx,mt4Rf
possorted_genome_bam_NUJC8:CTGGTCTCATACTACGx,mt4Rf
possorted_genome_bam_NUJC8:CTGTGCTGTGGACGATx,mt4Rf
possorted_genome_bam_NUJC8:CTTCTCTAGCGCTCCAx,mt4Rf
possorted_genome_bam_NUJC8:CTTGGCTCACTGAAGGx,mt4Rf
possorted_genome_bam_NUJC8:CTTAGGACACAGGTTTx,mt4Rf
possorted_genome_bam_NUJC8:CTGATAGCATGTCCTCx,mt4Rf
possorted_genome_bam_NUJC8:CTTAGGAAGCAGCGTAx,mt4Rf
possorted_genome_bam_NUJC8:CTGCCTACAGCTGTTAx,mt4Rf
possorted_genome_bam_NUJC8:CTGGTCTAGTGTACTCx,mt4Rf
possorted_genome_bam_NUJC8:CTGAAGTTCGCGTAGCx,mt4Rf
possorted_genome_bam_NUJC8:CTTCTCTTCACCTCGTx,mt4Rf
possorted_genome_bam_NUJC8:CTGTTTAGTTTAGGAAx,mt4Rf
possorted_genome_bam_NUJC8:CTTACCGTCCTGTACCx,mt4Rf
possorted_genome_bam_NUJC8:CTGCTGTCAATGAAACx,mt4Rf
possorted_genome_bam_NUJC8:CTGGTCTTCTCAACTTx,mt4Rf
possorted_genome_bam_NUJC8:CTTAGGATCCCAAGATx,mt4Rf
possorted_genome_bam_NUJC8:CTTCTCTTCCAGATCAx,mt4Rf
possorted_genome_bam_NUJC8:CTGCCTACACTGAAGGx,mt4Rf
possorted_genome_bam_NUJC8:CTTACCGTCGGTCTAAx,mt4Rf
possorted_genome_bam_NUJC8:CTGTGCTGTGAGGGTTx,mt4Rf
possorted_genome_bam_NUJC8:CTGCGGACAGCGAACAx,mt4Rf
possorted_genome_bam_NUJC8:CTGCTGTCAATAACGAx,mt4Rf
possorted_genome_bam_NUJC8:CTGCGGAGTCGCATATx,mt4Rf
possorted_genome_bam_NUJC8:CTTAACTAGCCATCGCx,mt4Rf
possorted_genome_bam_NUJC8:CTTTGCGAGCCAACAGx,mt4Rf
possorted_genome_bam_NUJC8:CTGTGCTGTATGCTTGx,mt4Rf
possorted_genome_bam_NUJC8:CTGAAGTGTACACCGCx,mt4Rf
possorted_genome_bam_NUJC8:CTGTGCTGTCAATACCx,mt4Rf
possorted_genome_bam_NUJC8:CTGCGGAAGTGTCCATx,mt4Rf
possorted_genome_bam_NUJC8:CTTACCGGTCTAACGTx,mt4Rf
possorted_genome_bam_NUJC8:CTTCTCTCATCGTCGGx,mt4Rf
possorted_genome_bam_NUJC8:CTTTGCGAGACTTTCGx,mt4Rf
possorted_genome_bam_NUJC8:CTGATCCAGTTGTCGTx,mt4Rf
possorted_genome_bam_NUJC8:CTGCCTAGTCCTGCTTx,mt4Rf
possorted_genome_bam_NUJC8:CTTACCGAGTCCGGTCx,mt4Rf
possorted_genome_bam_NUJC8:CTTCTCTTCTGGCGACx,mt4Rf
possorted_genome_bam_NUJC8:CTGGTCTCACGGCTACx,mt4Rf
possorted_genome_bam_NUJC8:CTGGTCTGTAGCGTAGx,mt4Rf
possorted_genome_bam_NUJC8:CTGCTGTAGAAAGTGGx,mt4Rf
possorted_genome_bam_NUJC8:CTGAAGTTCGTGGGAAx,mt4Rf
possorted_genome_bam_NUJC8:CTTTGCGCAAACGTGGx,mt4Rf
possorted_genome_bam_NUJC8:CTGATCCAGCCACGTCx,mt4Rf
possorted_genome_bam_NUJC8:CTTCTCTAGTTGCAGGx,mt4Rf
possorted_genome_bam_NUJC8:CTGTTTAAGCCAGGATx,mt4Rf
possorted_genome_bam_NUJC8:CTGCTGTTCAAAGACAx,mt4Rf
possorted_genome_bam_NUJC8:CTGCCTATCACCTTATx,mt4Rf
possorted_genome_bam_NUJC8:CTTGGCTAGTCGATAAx,mt4Rf
possorted_genome_bam_NUJC8:CTTACCGTCTACTATCx,mt4Rf
possorted_genome_bam_NUJC8:CTGCCTAGTCAAAGCGx,mt4Rf
possorted_genome_bam_NUJC8:CTGCGGATCGTGGACCx,mt4Rf
possorted_genome_bam_NUJC8:CTGGTCTTCGTCCGTTx,mt4Rf
possorted_genome_bam_NUJC8:CTGGTCTAGAAACGAGx,mt4Rf
possorted_genome_bam_NUJC8:CTTGGCTTCTTGTTTGx,mt4Rf
possorted_genome_bam_NUJC8:CTTAACTAGGTGTTAAx,mt4Rf
possorted_genome_bam_NUJC8:CTTGGCTGTATTAGCCx,mt4Rf
possorted_genome_bam_NUJC8:CTTAACTCAAGGTTTCx,mt4Rf
possorted_genome_bam_NUJC8:CTTCTCTAGAGCTTCTx,mt4Rf
possorted_genome_bam_NUJC8:CTGTTTAGTGTCAATCx,mt4Rf
possorted_genome_bam_NUJC8:CTGGTCTCATTCTTACx,mt4Rf
possorted_genome_bam_NUJC8:CTGCGGAAGGTAAACTx,mt4Rf
possorted_genome_bam_NUJC8:CTTAGGATCGTGGTCGx,mt4Rf
possorted_genome_bam_NUJC8:CTTGGCTGTATAGTAGx,mt4Rf
possorted_genome_bam_NUJC8:CTTACCGAGGCAATTAx,mt4Rf
possorted_genome_bam_NUJC8:CTGTTTAAGCCACCTGx,mt4Rf
possorted_genome_bam_NUJC8:CTGATCCTCAAACCGTx,mt4Rf
possorted_genome_bam_NUJC8:GAAATGATCCCTGACTx,mt4Rf
possorted_genome_bam_NUJC8:GACCAATAGCAGGTCAx,mt4Rf
possorted_genome_bam_NUJC8:GACCAATCACGACTCGx,mt4Rf
possorted_genome_bam_NUJC8:GAAGCAGGTGTTCTTTx,mt4Rf
possorted_genome_bam_NUJC8:GAACATCTCGGAGGTAx,mt4Rf
possorted_genome_bam_NUJC8:GAATGAAGTATTAGCCx,mt4Rf
possorted_genome_bam_NUJC8:GAAGCAGTCGACCAGCx,mt4Rf
possorted_genome_bam_NUJC8:GAACCTACAATTCCTTx,mt4Rf
possorted_genome_bam_NUJC8:GAAACTCGTACACCGCx,mt4Rf
possorted_genome_bam_NUJC8:GACAGAGTCCTGCTTGx,mt4Rf
possorted_genome_bam_NUJC8:GAACGGAGTTTGGGCCx,mt4Rf
possorted_genome_bam_NUJC8:GACACGCGTGTCGCTGx,mt4Rf
possorted_genome_bam_NUJC8:GAAATGAGTCTCTCTGx,mt4Rf
possorted_genome_bam_NUJC8:GAATGAAAGGTCATCTx,mt4Rf
possorted_genome_bam_NUJC8:GAACCTAAGTAGTGCGx,mt4Rf
possorted_genome_bam_NUJC8:GACACGCTCGCGCCAAx,mt4Rf
possorted_genome_bam_NUJC8:GACAGAGTCGATCCCTx,mt4Rf
possorted_genome_bam_NUJC8:GAAATGACATCCGTGGx,mt4Rf
possorted_genome_bam_NUJC8:GAACCTACAATAAGCAx,mt4Rf
possorted_genome_bam_NUJC8:GAACCTACAAAGCGGTx,mt4Rf
possorted_genome_bam_NUJC8:GACAGAGAGCTGATAAx,mt4Rf
possorted_genome_bam_NUJC8:GAAGCAGTCCCATTATx,mt4Rf
possorted_genome_bam_NUJC8:GAACATCTCAGCGACCx,mt4Rf
possorted_genome_bam_NUJC8:GAACGGACAAGGACACx,mt4Rf
possorted_genome_bam_NUJC8:GACAGAGTCTTCCTTCx,mt4Rf
possorted_genome_bam_NUJC8:GAAACTCCAGACAAATx,mt4Rf
possorted_genome_bam_NUJC8:GAAGCAGTCTCTAGGAx,mt4Rf
possorted_genome_bam_NUJC8:GAACCTATCAACGAAAx,mt4Rf
possorted_genome_bam_NUJC8:CTTTGCGTCTAGAGTCx,mt4Rf
possorted_genome_bam_NUJC8:GAATAAGGTGACTCATx,mt4Rf
possorted_genome_bam_NUJC8:GAATGAATCGGCGCTAx,mt4Rf
possorted_genome_bam_NUJC8:GAACGGAGTTATCACGx,mt4Rf
possorted_genome_bam_NUJC8:GACAGAGAGAAGGTTTx,mt4Rf
possorted_genome_bam_NUJC8:CTTTGCGTCAACTCTTx,mt4Rf
possorted_genome_bam_NUJC8:GAATGAAGTGTTGAGGx,mt4Rf
possorted_genome_bam_NUJC8:CTTTGCGTCAACGAAAx,mt4Rf
possorted_genome_bam_NUJC8:GACACGCGTAGGACACx,mt4Rf
possorted_genome_bam_NUJC8:GAAATGAGTTCACCTCx,mt4Rf
possorted_genome_bam_NUJC8:GAAATGACAGTGACAGx,mt4Rf
possorted_genome_bam_NUJC8:GACACGCGTAGCGTCCx,mt4Rf
possorted_genome_bam_NUJC8:GAACCTATCCCAACGGx,mt4Rf
possorted_genome_bam_NUJC8:GACCAATAGAAGATTCx,mt4Rf
possorted_genome_bam_NUJC8:GACACGCAGACTAGGCx,mt4Rf
possorted_genome_bam_NUJC8:GAAATGATCAGTCCCTx,mt4Rf
possorted_genome_bam_NUJC8:GACCAATAGCGTCAAGx,mt4Rf
possorted_genome_bam_NUJC8:GAAGCAGGTACAGCAGx,mt4Rf
possorted_genome_bam_NUJC8:GAACCTAGTGTGCGTCx,mt4Rf
possorted_genome_bam_NUJC8:GACCAATCATGGGACAx,mt4Rf
possorted_genome_bam_NUJC8:GAAATGAAGGGATCTGx,mt4Rf
possorted_genome_bam_NUJC8:GACAGAGGTTCGTGATx,mt4Rf
possorted_genome_bam_NUJC8:CTTTGCGCATCGGGTCx,mt4Rf
possorted_genome_bam_NUJC8:GAATGAATCAAACGGGx,mt4Rf
possorted_genome_bam_NUJC8:GAACATCGTGCACGAAx,mt4Rf
possorted_genome_bam_NUJC8:GAACGGACACATCTTTx,mt4Rf
possorted_genome_bam_NUJC8:GAAGCAGAGAGTTGGCx,mt4Rf
possorted_genome_bam_NUJC8:GAACATCAGAGTAATCx,mt4Rf
possorted_genome_bam_NUJC8:GAACCTAAGAAACGAGx,mt4Rf
possorted_genome_bam_NUJC8:GACACGCCACTAGTACx,mt4Rf
possorted_genome_bam_NUJC8:GAACCTAGTACCGAGAx,mt4Rf
possorted_genome_bam_NUJC8:GAAATGATCATGGTCAx,mt4Rf
possorted_genome_bam_NUJC8:GAATGAAGTGTTCGATx,mt4Rf
possorted_genome_bam_NUJC8:GAAGCAGAGGCGATACx,mt4Rf
possorted_genome_bam_NUJC8:CTTTGCGTCTCTGTCGx,mt4Rf
possorted_genome_bam_NUJC8:GAAACTCGTGAGGGTTx,mt4Rf
possorted_genome_bam_NUJC8:GAAATGAAGCTCCTCTx,mt4Rf
possorted_genome_bam_NUJC8:CTTTGCGGTTGTGGAGx,mt4Rf
possorted_genome_bam_NUJC8:GACCAATGTCCAAGTTx,mt4Rf
possorted_genome_bam_NUJC8:GACACGCAGTAGGCCAx,mt4Rf
possorted_genome_bam_NUJC8:GACCAATAGACGCTTTx,mt4Rf
possorted_genome_bam_NUJC8:GAAACTCCATCGACGCx,mt4Rf
possorted_genome_bam_NUJC8:GACAGAGGTTTGGGCCx,mt4Rf
possorted_genome_bam_NUJC8:GAACATCAGTATGACAx,mt4Rf
possorted_genome_bam_NUJC8:GAATAAGCAGATGAGCx,mt4Rf
possorted_genome_bam_NUJC8:GAACGGAAGTGCCATTx,mt4Rf
possorted_genome_bam_NUJC8:CTTTGCGTCCACGTGGx,mt4Rf
possorted_genome_bam_NUJC8:GACAGAGGTCTGATCAx,mt4Rf
possorted_genome_bam_NUJC8:GAAGCAGTCAACGGGAx,mt4Rf
possorted_genome_bam_NUJC8:CTTTGCGGTGAGCGATx,mt4Rf
possorted_genome_bam_NUJC8:GACCAATGTAGCGCTCx,mt4Rf
possorted_genome_bam_NUJC8:GAAACTCTCGTTGCCTx,mt4Rf
possorted_genome_bam_NUJC8:GAAGCAGAGTGAATTGx,mt4Rf
possorted_genome_bam_NUJC8:GAACATCAGCTCCCAGx,mt4Rf
possorted_genome_bam_NUJC8:GAACGGAGTTCGCGACx,mt4Rf
possorted_genome_bam_NUJC8:GAATGAAAGTGGGATCx,mt4Rf
possorted_genome_bam_NUJC8:CTTTGCGGTCCGAAGAx,mt4Rf
possorted_genome_bam_NUJC8:CTTTGCGTCTATCCTAx,mt4Rf
possorted_genome_bam_NUJC8:GAACATCTCACTTATCx,mt4Rf
possorted_genome_bam_NUJC8:GAACATCAGACAAAGGx,mt4Rf
possorted_genome_bam_NUJC8:GAATAAGAGCTGCCCAx,mt4Rf
possorted_genome_bam_NUJC8:GAATAAGCAAGCTGTTx,mt4Rf
possorted_genome_bam_NUJC8:GAACCTAGTGTGAATAx,mt4Rf
possorted_genome_bam_NUJC8:GAAACTCTCTGGCGACx,mt4Rf
possorted_genome_bam_NUJC8:GACAGAGGTTTGTTTCx,mt4Rf
possorted_genome_bam_NUJC8:GAACGGAGTCGCATATx,mt4Rf
possorted_genome_bam_NUJC8:GAACCTAGTCACTGGCx,mt4Rf
possorted_genome_bam_NUJC8:GAACATCTCTGCGTAAx,mt4Rf
possorted_genome_bam_NUJC8:GAATAAGAGAGCTGCAx,mt4Rf
possorted_genome_bam_NUJC8:GAATGAAGTCGCATCGx,mt4Rf
possorted_genome_bam_NUJC8:GAGGTGAGTAAACGCGx,mt4Rf
possorted_genome_bam_NUJC8:GACTACAAGCTAAACAx,mt4Rf
possorted_genome_bam_NUJC8:GACGTTAGTTAAGAACx,mt4Rf
possorted_genome_bam_NUJC8:GACGCGTGTCGCATATx,mt4Rf
possorted_genome_bam_NUJC8:GACGGCTTCTGCAGTAx,mt4Rf
possorted_genome_bam_NUJC8:GACTAACGTTTGACACx,mt4Rf
possorted_genome_bam_NUJC8:GACGTGCAGCGTGAACx,mt4Rf
possorted_genome_bam_NUJC8:GACGTTATCGTGGGAAx,mt4Rf
possorted_genome_bam_NUJC8:GAGCAGAGTTACCAGTx,mt4Rf
possorted_genome_bam_NUJC8:GACTGCGGTTTGTTGGx,mt4Rf
possorted_genome_bam_NUJC8:GACCTGGAGGCATGTGx,mt4Rf
possorted_genome_bam_NUJC8:GAGTCCGAGCGAAGGGx,mt4Rf
possorted_genome_bam_NUJC8:GACTACAGTCTCACCTx,mt4Rf
possorted_genome_bam_NUJC8:GACCTGGAGCCACGTCx,mt4Rf
possorted_genome_bam_NUJC8:GAGGTGATCACCCGAGx,mt4Rf
possorted_genome_bam_NUJC8:GAGTCCGCAGATGGCAx,mt4Rf
possorted_genome_bam_NUJC8:GACGCGTTCTCGATGAx,mt4Rf
possorted_genome_bam_NUJC8:GAGGTGAAGTCAAGCGx,mt4Rf
possorted_genome_bam_NUJC8:GACGTGCGTCTTCAAGx,mt4Rf
possorted_genome_bam_NUJC8:GAGGTGACACCACGTGx,mt4Rf
possorted_genome_bam_NUJC8:GAGTCCGAGTTCGATCx,mt4Rf
possorted_genome_bam_NUJC8:GACCAATGTCTGCAATx,mt4Rf
possorted_genome_bam_NUJC8:GAGTCCGCATACGCCGx,mt4Rf
possorted_genome_bam_NUJC8:GAGTCCGTCTCCGGTTx,mt4Rf
possorted_genome_bam_NUJC8:GAGTCCGAGGTTCCTAx,mt4Rf
possorted_genome_bam_NUJC8:GACGGCTTCTTGTACTx,mt4Rf
possorted_genome_bam_NUJC8:GAGTCCGGTCTAGAGGx,mt4Rf
possorted_genome_bam_NUJC8:GACGTGCGTGGCTCCAx,mt4Rf
possorted_genome_bam_NUJC8:GAGCAGAAGACTGTAAx,mt4Rf
possorted_genome_bam_NUJC8:GACTAACGTGATGTGGx,mt4Rf
possorted_genome_bam_NUJC8:GAGCAGAGTCCGTCAGx,mt4Rf
possorted_genome_bam_NUJC8:GACTACACAGCCTTTCx,mt4Rf
possorted_genome_bam_NUJC8:GAGGTGATCAACACGTx,mt4Rf
possorted_genome_bam_NUJC8:GAGGTGAGTGCGGTAAx,mt4Rf
possorted_genome_bam_NUJC8:GACGTGCCAAACTGTCx,mt4Rf
possorted_genome_bam_NUJC8:GACTACAAGTTGAGATx,mt4Rf
possorted_genome_bam_NUJC8:GAGGTGATCTAAGCCAx,mt4Rf
possorted_genome_bam_NUJC8:GAGTCCGTCAATACCGx,mt4Rf
possorted_genome_bam_NUJC8:GACTACATCGGTCCGAx,mt4Rf
possorted_genome_bam_NUJC8:GACGTGCTCTAAGCCAx,mt4Rf
possorted_genome_bam_NUJC8:GACGCGTGTCACAAGGx,mt4Rf
possorted_genome_bam_NUJC8:GAGTCCGTCTGCCCTAx,mt4Rf
possorted_genome_bam_NUJC8:GACCAATTCGAGCCCAx,mt4Rf
possorted_genome_bam_NUJC8:GACTGCGGTACCCAATx,mt4Rf
possorted_genome_bam_NUJC8:GACGGCTCAGTATAAGx,mt4Rf
possorted_genome_bam_NUJC8:GACGGCTGTGCAGGTAx,mt4Rf
possorted_genome_bam_NUJC8:GACTAACTCGTCACGGx,mt4Rf
possorted_genome_bam_NUJC8:GACGCGTTCAAGCCTAx,mt4Rf
possorted_genome_bam_NUJC8:GACGCGTAGTGGCACAx,mt4Rf
possorted_genome_bam_NUJC8:GAGTCCGTCCTCAATTx,mt4Rf
possorted_genome_bam_NUJC8:GACGGCTGTGCACGAAx,mt4Rf
possorted_genome_bam_NUJC8:GACTGCGAGCTTATCGx,mt4Rf
possorted_genome_bam_NUJC8:GACGCGTTCAAAGTAGx,mt4Rf
possorted_genome_bam_NUJC8:GACGGCTCATGGTCATx,mt4Rf
possorted_genome_bam_NUJC8:GACTAACCACTTCTGCx,mt4Rf
possorted_genome_bam_NUJC8:GACGCGTTCCAAACTGx,mt4Rf
possorted_genome_bam_NUJC8:GAGTCCGTCGGAAACGx,mt4Rf
possorted_genome_bam_NUJC8:GACTAACTCATGCAACx,mt4Rf
possorted_genome_bam_NUJC8:GACTGCGAGGTTACCTx,mt4Rf
possorted_genome_bam_NUJC8:GACTGCGAGGAGTAGAx,mt4Rf
possorted_genome_bam_NUJC8:GACTAACCACCCATGGx,mt4Rf
possorted_genome_bam_NUJC8:GACCTGGGTCAGAATAx,mt4Rf
possorted_genome_bam_NUJC8:GACCTGGAGGCAGTCAx,mt4Rf
possorted_genome_bam_NUJC8:GACGGCTTCGCTTGTCx,mt4Rf
possorted_genome_bam_NUJC8:GACGCGTCATGCCTTCx,mt4Rf
possorted_genome_bam_NUJC8:GACGGCTTCTGACCTCx,mt4Rf
possorted_genome_bam_NUJC8:GACTACAAGAGTACCGx,mt4Rf
possorted_genome_bam_NUJC8:GAGGTGAGTAGCCTATx,mt4Rf
possorted_genome_bam_NUJC8:GACTACACACCACGTGx,mt4Rf
possorted_genome_bam_NUJC8:GACTAACAGATCTGCTx,mt4Rf
possorted_genome_bam_NUJC8:GAGGTGACATCCGGGTx,mt4Rf
possorted_genome_bam_NUJC8:GACCAATTCCAAACACx,mt4Rf
possorted_genome_bam_NUJC8:GAGGTGAAGTGTCCCGx,mt4Rf
possorted_genome_bam_NUJC8:GAGTCCGTCGCGTAGCx,mt4Rf
possorted_genome_bam_NUJC8:GACGCGTCAACTGGCCx,mt4Rf
possorted_genome_bam_NUJC8:GACGCGTCATCGTCGGx,mt4Rf
possorted_genome_bam_NUJC8:GACGCGTCACCAGCACx,mt4Rf
possorted_genome_bam_NUJC8:GAGTCCGAGATCTGCTx,mt4Rf
possorted_genome_bam_NUJC8:GACGCGTCATTACGACx,mt4Rf
possorted_genome_bam_NUJC8:GAGCAGATCCCAAGATx,mt4Rf
possorted_genome_bam_NUJC8:GAGCAGATCTGCTGCTx,mt4Rf
possorted_genome_bam_NUJC8:GACGTGCTCATATCGGx,mt4Rf
possorted_genome_bam_NUJC8:GACTGCGAGACGCACAx,mt4Rf
possorted_genome_bam_NUJC8:GAGGTGAGTGAGGGAGx,mt4Rf
possorted_genome_bam_NUJC8:GACGTGCAGGTGGGTTx,mt4Rf
possorted_genome_bam_NUJC8:GACTACATCGAGGTAGx,mt4Rf
possorted_genome_bam_NUJC8:GACTGCGGTTGACGTTx,mt4Rf
possorted_genome_bam_NUJC8:GACTGCGCACGAAATAx,mt4Rf
possorted_genome_bam_NUJC8:GATCAGTAGTTAACGAx,mt4Rf
possorted_genome_bam_NUJC8:GACCTGGTCATTGCCCx,mt4Rf
possorted_genome_bam_NUJC8:GACGCGTTCACGACTAx,mt4Rf
possorted_genome_bam_NUJC8:GACGGCTAGACTCGGAx,mt4Rf
possorted_genome_bam_NUJC8:GAGTCCGTCATAGCACx,mt4Rf
possorted_genome_bam_NUJC8:GACGTGCTCCTCCTAGx,mt4Rf
possorted_genome_bam_NUJC8:GACGTTAGTATTAGCCx,mt4Rf
possorted_genome_bam_NUJC8:GACCTGGAGAGGGATAx,mt4Rf
possorted_genome_bam_NUJC8:GACTACAAGAATTGTGx,mt4Rf
possorted_genome_bam_NUJC8:GATGAAACATACAGCTx,mt4Rf
possorted_genome_bam_NUJC8:GCACTCTAGCAGACTGx,mt4Rf
possorted_genome_bam_NUJC8:GCAATCAAGTCAAGGCx,mt4Rf
possorted_genome_bam_NUJC8:GATTCAGAGGCACATGx,mt4Rf
possorted_genome_bam_NUJC8:GATGCTAAGCCGATTTx,mt4Rf
possorted_genome_bam_NUJC8:GATCGATTCTATGTGGx,mt4Rf
possorted_genome_bam_NUJC8:GCAAACTCATTATCTCx,mt4Rf
possorted_genome_bam_NUJC8:GCAATCACAGGTGCCTx,mt4Rf
possorted_genome_bam_NUJC8:GATGCTATCACAAACCx,mt4Rf
possorted_genome_bam_NUJC8:GATGAGGTCATGCTCCx,mt4Rf
possorted_genome_bam_NUJC8:GCACATAAGAAGAAGCx,mt4Rf
possorted_genome_bam_NUJC8:GATCGTAGTACATCCAx,mt4Rf
possorted_genome_bam_NUJC8:GCACATAAGCTCCTTCx,mt4Rf
possorted_genome_bam_NUJC8:GCACTCTAGATGGCGTx,mt4Rf
possorted_genome_bam_NUJC8:GATGAAATCTCGAGTAx,mt4Rf
possorted_genome_bam_NUJC8:GATTCAGGTGGGTCAAx,mt4Rf
possorted_genome_bam_NUJC8:GATCGTAAGTGAAGTTx,mt4Rf
possorted_genome_bam_NUJC8:GATCGTAGTACTCAACx,mt4Rf
possorted_genome_bam_NUJC8:GCAATCAGTCGTGGCTx,mt4Rf
possorted_genome_bam_NUJC8:GATCGTAAGCCATCGCx,mt4Rf
possorted_genome_bam_NUJC8:GCACTCTTCGGATGGAx,mt4Rf
possorted_genome_bam_NUJC8:GATCGCGGTTGCCTCTx,mt4Rf
possorted_genome_bam_NUJC8:GATCGATCAGCTGCTGx,mt4Rf
possorted_genome_bam_NUJC8:GATTCAGTCGGCATCGx,mt4Rf
possorted_genome_bam_NUJC8:GCACATACATCACGATx,mt4Rf
possorted_genome_bam_NUJC8:GCAGCCAAGCCGGTAAx,mt4Rf
possorted_genome_bam_NUJC8:GATCGTACAGTATAAGx,mt4Rf
possorted_genome_bam_NUJC8:GATCTAGGTGTGGCTCx,mt4Rf
possorted_genome_bam_NUJC8:GATCGCGAGCACGCCTx,mt4Rf
possorted_genome_bam_NUJC8:GCAATCACAGGCTCACx,mt4Rf
possorted_genome_bam_NUJC8:GATGAGGAGGCGTACAx,mt4Rf
possorted_genome_bam_NUJC8:GATCGTACATAACCTGx,mt4Rf
possorted_genome_bam_NUJC8:GATTCAGCAACCGCCAx,mt4Rf
possorted_genome_bam_NUJC8:GATGAGGTCAAGCCTAx,mt4Rf
possorted_genome_bam_NUJC8:GATCGCGTCTTGCAAGx,mt4Rf
possorted_genome_bam_NUJC8:GATCGTACATCCGCGAx,mt4Rf
possorted_genome_bam_NUJC8:GATCAGTTCATGTGGTx,mt4Rf
possorted_genome_bam_NUJC8:GATCTAGTCCTTGCCAx,mt4Rf
possorted_genome_bam_NUJC8:GCAATCAGTGACCAAGx,mt4Rf
possorted_genome_bam_NUJC8:GATGCTAAGCAGATCGx,mt4Rf
possorted_genome_bam_NUJC8:GATCGATCATAAAGGTx,mt4Rf
possorted_genome_bam_NUJC8:GATCAGTGTACCATCAx,mt4Rf
possorted_genome_bam_NUJC8:GATCGATCAAGCGTAGx,mt4Rf
possorted_genome_bam_NUJC8:GATGAGGTCCTTCAATx,mt4Rf
possorted_genome_bam_NUJC8:GATGAAAGTGCTTCTCx,mt4Rf
possorted_genome_bam_NUJC8:GATGAAAGTGCCTGGTx,mt4Rf
possorted_genome_bam_NUJC8:GATGAAATCGCTGATAx,mt4Rf
possorted_genome_bam_NUJC8:GATCGTACAATAACGAx,mt4Rf
possorted_genome_bam_NUJC8:GCACATAAGAGGGATAx,mt4Rf
possorted_genome_bam_NUJC8:GATCGCGGTGTAATGAx,mt4Rf
possorted_genome_bam_NUJC8:GATGAGGTCCTTTCTCx,mt4Rf
possorted_genome_bam_NUJC8:GATGAGGGTCCATCCTx,mt4Rf
possorted_genome_bam_NUJC8:GATGCTATCGGTCTAAx,mt4Rf
possorted_genome_bam_NUJC8:GATCGCGAGAAAGTGGx,mt4Rf
possorted_genome_bam_NUJC8:GATCGATCATCCGTGGx,mt4Rf
possorted_genome_bam_NUJC8:GATGAAATCGCTTGTCx,mt4Rf
possorted_genome_bam_NUJC8:GCAATCAGTTCCTCCAx,mt4Rf
possorted_genome_bam_NUJC8:GATCTAGCAGCTGTATx,mt4Rf
possorted_genome_bam_NUJC8:GATCGTAGTGGTCTCGx,mt4Rf
possorted_genome_bam_NUJC8:GATGCTAGTCATCGGCx,mt4Rf
possorted_genome_bam_NUJC8:GATGAGGGTCGGCATCx,mt4Rf
possorted_genome_bam_NUJC8:GATGAGGTCAACTCTTx,mt4Rf
possorted_genome_bam_NUJC8:GATCGTAGTGTTTGTGx,mt4Rf
possorted_genome_bam_NUJC8:GCAAACTAGCAGCCTCx,mt4Rf
possorted_genome_bam_NUJC8:GATGAGGGTATGCTTGx,mt4Rf
possorted_genome_bam_NUJC8:GATGCTACAATCTGCAx,mt4Rf
possorted_genome_bam_NUJC8:GATCGATCAAGCCGTCx,mt4Rf
possorted_genome_bam_NUJC8:GCAAACTTCGCCTGAGx,mt4Rf
possorted_genome_bam_NUJC8:GATCGCGAGGACTGGTx,mt4Rf
possorted_genome_bam_NUJC8:GATCTAGCATTACCTTx,mt4Rf
possorted_genome_bam_NUJC8:GATCGCGTCAAGGCTTx,mt4Rf
possorted_genome_bam_NUJC8:GATCGCGAGCGCCTCAx,mt4Rf
possorted_genome_bam_NUJC8:GATGAGGAGCAAATCAx,mt4Rf
possorted_genome_bam_NUJC8:GCAAACTCAAAGAATCx,mt4Rf
possorted_genome_bam_NUJC8:GATCGCGCAATGGAGCx,mt4Rf
possorted_genome_bam_NUJC8:GATCGCGTCCGAAGAGx,mt4Rf
possorted_genome_bam_NUJC8:GCAAACTAGCGATGACx,mt4Rf
possorted_genome_bam_NUJC8:GATGCTAGTTCAACCAx,mt4Rf
possorted_genome_bam_NUJC8:GCAAACTTCTTATCTGx,mt4Rf
possorted_genome_bam_NUJC8:GATGAAACAGGATCGAx,mt4Rf
possorted_genome_bam_NUJC8:GATTCAGGTTGTACACx,mt4Rf
possorted_genome_bam_NUJC8:GATGCTAGTTCGAATCx,mt4Rf
possorted_genome_bam_NUJC8:GATGAAAGTAAAGGAGx,mt4Rf
possorted_genome_bam_NUJC8:GCAATCATCCTCGCATx,mt4Rf
possorted_genome_bam_NUJC8:GCAAACTGTCTGATCAx,mt4Rf
possorted_genome_bam_NUJC8:GATTCAGGTCGACTGCx,mt4Rf
possorted_genome_bam_NUJC8:GCAATCATCGTTTAGGx,mt4Rf
possorted_genome_bam_NUJC8:GATGAAAAGACGCTTTx,mt4Rf
possorted_genome_bam_NUJC8:GATGAGGAGACCTTTGx,mt4Rf
possorted_genome_bam_NUJC8:GATCGTAGTATAGGTAx,mt4Rf
possorted_genome_bam_NUJC8:GATCTAGGTATTCTCTx,mt4Rf
possorted_genome_bam_NUJC8:GATCAGTCAGTGGAGTx,mt4Rf
possorted_genome_bam_NUJC8:GATCGATCAGCTGTTAx,mt4Rf
possorted_genome_bam_NUJC8:GATGAGGAGTGATCGGx,mt4Rf
possorted_genome_bam_NUJC8:GATCGTATCATATCGGx,mt4Rf
possorted_genome_bam_NUJC8:GCACTCTCAAGGTGTGx,mt4Rf
possorted_genome_bam_NUJC8:GATGAGGAGACAGACCx,mt4Rf
possorted_genome_bam_NUJC8:GATCGTACATGATCCAx,mt4Rf
possorted_genome_bam_NUJC8:GATGAAATCACCGTAAx,mt4Rf
possorted_genome_bam_NUJC8:GCATGCGTCTGTACGAx,mt4Rf
possorted_genome_bam_NUJC8:GCATGCGTCCGTTGTCx,mt4Rf
possorted_genome_bam_NUJC8:GCGCAACAGTTATCGCx,mt4Rf
possorted_genome_bam_NUJC8:GCGCAACTCAAAGTAGx,mt4Rf
possorted_genome_bam_NUJC8:GCATGTACAACGATCTx,mt4Rf
possorted_genome_bam_NUJC8:GCATGTAGTAATTGGAx,mt4Rf
possorted_genome_bam_NUJC8:GCAGTTAGTGCTTCTCx,mt4Rf
possorted_genome_bam_NUJC8:GCATGTACAGTCAGAGx,mt4Rf
possorted_genome_bam_NUJC8:GCGACCACACATTAGCx,mt4Rf
possorted_genome_bam_NUJC8:GCGCAACAGGTGATATx,mt4Rf
possorted_genome_bam_NUJC8:GCATGATGTCGCGAAAx,mt4Rf
possorted_genome_bam_NUJC8:GCATGTACAGACAGGTx,mt4Rf
possorted_genome_bam_NUJC8:GCATGCGTCAACGCTAx,mt4Rf
possorted_genome_bam_NUJC8:GCATGTACACGTTGGCx,mt4Rf
possorted_genome_bam_NUJC8:GCGACCATCGAGGTAGx,mt4Rf
possorted_genome_bam_NUJC8:GCGCAACTCTGGTGTAx,mt4Rf
possorted_genome_bam_NUJC8:GCAGCCAGTCGGGTCTx,mt4Rf
possorted_genome_bam_NUJC8:GCATGTAGTGGTCCGTx,mt4Rf
possorted_genome_bam_NUJC8:GCCAAATCACGACGAAx,mt4Rf
possorted_genome_bam_NUJC8:GCGCAACAGCAACGGTx,mt4Rf
possorted_genome_bam_NUJC8:GCGCAACAGTTGAGATx,mt4Rf
possorted_genome_bam_NUJC8:GCGCAACGTCTTCGTCx,mt4Rf
possorted_genome_bam_NUJC8:GCATGCGGTCGTCTTCx,mt4Rf
possorted_genome_bam_NUJC8:GCAGTTACATTGTGCAx,mt4Rf
possorted_genome_bam_NUJC8:GCGCAACCACCATCCTx,mt4Rf
possorted_genome_bam_NUJC8:GCCAAATTCTGCAAGTx,mt4Rf
possorted_genome_bam_NUJC8:GCATGTACAGTGAGTGx,mt4Rf
possorted_genome_bam_NUJC8:GCAGTTATCGTTGCCTx,mt4Rf
possorted_genome_bam_NUJC8:GCGAGAAGTAAACCTCx,mt4Rf
possorted_genome_bam_NUJC8:GCCTCTAAGTCTCAACx,mt4Rf
possorted_genome_bam_NUJC8:GCCTCTAGTGTCAATCx,mt4Rf
possorted_genome_bam_NUJC8:GCCTCTAGTTCCTCCAx,mt4Rf
possorted_genome_bam_NUJC8:GCGAGAAGTCGTTGTAx,mt4Rf
possorted_genome_bam_NUJC8:GCGCAACGTGAAAGAGx,mt4Rf
possorted_genome_bam_NUJC8:GCGACCACAGGACCCTx,mt4Rf
possorted_genome_bam_NUJC8:GCATACAAGAGTTGGCx,mt4Rf
possorted_genome_bam_NUJC8:GCAGCCACAAAGGCGTx,mt4Rf
possorted_genome_bam_NUJC8:GCGAGAATCTGCCCTAx,mt4Rf
possorted_genome_bam_NUJC8:GCCAAATAGACACGACx,mt4Rf
possorted_genome_bam_NUJC8:GCGCAACTCACCGGGTx,mt4Rf
possorted_genome_bam_NUJC8:GCGCAACGTGAGTGACx,mt4Rf
possorted_genome_bam_NUJC8:GCCAAATAGATGGGTCx,mt4Rf
possorted_genome_bam_NUJC8:GCATGTAAGTGGTAATx,mt4Rf
possorted_genome_bam_NUJC8:GCAGCCACATGAACCTx,mt4Rf
possorted_genome_bam_NUJC8:GCCAAATGTCACAAGGx,mt4Rf
possorted_genome_bam_NUJC8:GCATGTACATCCAACAx,mt4Rf
possorted_genome_bam_NUJC8:GCCAAATTCTGCGGCAx,mt4Rf
possorted_genome_bam_NUJC8:GCCTCTAAGATACACAx,mt4Rf
possorted_genome_bam_NUJC8:GCCAAATTCATCATTCx,mt4Rf
possorted_genome_bam_NUJC8:GCATGCGGTGCTCTTCx,mt4Rf
possorted_genome_bam_NUJC8:GCGCAACAGACTAGATx,mt4Rf
possorted_genome_bam_NUJC8:GCATGCGTCACAACGTx,mt4Rf
possorted_genome_bam_NUJC8:GCATGTACAGACAAATx,mt4Rf
possorted_genome_bam_NUJC8:GCCAAATCAGGGCATAx,mt4Rf
possorted_genome_bam_NUJC8:GCAGTTAAGTCGTTTGx,mt4Rf
possorted_genome_bam_NUJC8:GCATGCGAGAATGTTGx,mt4Rf
possorted_genome_bam_NUJC8:GCCTCTATCTGGCGACx,mt4Rf
possorted_genome_bam_NUJC8:GCATGTAAGGTCATCTx,mt4Rf
possorted_genome_bam_NUJC8:GCATGATGTTCGCGACx,mt4Rf
possorted_genome_bam_NUJC8:GCGCAGTAGGCGACATx,mt4Rf
possorted_genome_bam_NUJC8:GCGACCAGTGGGTATGx,mt4Rf
possorted_genome_bam_NUJC8:GCATGATTCTCACATTx,mt4Rf
possorted_genome_bam_NUJC8:GCGCAGTCATAAGACAx,mt4Rf
possorted_genome_bam_NUJC8:GCCAAATAGCTAACAAx,mt4Rf
possorted_genome_bam_NUJC8:GCGCAACTCGCCCTTAx,mt4Rf
possorted_genome_bam_NUJC8:GCGAGAATCCGAGCCAx,mt4Rf
possorted_genome_bam_NUJC8:GCAGTTATCATCTGTTx,mt4Rf
possorted_genome_bam_NUJC8:GCATGTAAGAACTCGGx,mt4Rf
possorted_genome_bam_NUJC8:GCATGTATCTATCCCGx,mt4Rf
possorted_genome_bam_NUJC8:GCATACACACGCTTTCx,mt4Rf
possorted_genome_bam_NUJC8:GCAGCCATCTCGCATCx,mt4Rf
possorted_genome_bam_NUJC8:GCCTCTATCTTCGGTCx,mt4Rf
possorted_genome_bam_NUJC8:GCGAGAAGTGAACCTTx,mt4Rf
possorted_genome_bam_NUJC8:GCGACCAGTACAGTTCx,mt4Rf
possorted_genome_bam_NUJC8:GCGCAGTAGGACAGAAx,mt4Rf
possorted_genome_bam_NUJC8:GCAGTTAGTCATCCCTx,mt4Rf
possorted_genome_bam_NUJC8:GCGAGAACAGTATCTGx,mt4Rf
possorted_genome_bam_NUJC8:GCCAAATGTCTCATCCx,mt4Rf
possorted_genome_bam_NUJC8:GCCAAATTCACGCGGTx,mt4Rf
possorted_genome_bam_NUJC8:GCATGTACACACGCTGx,mt4Rf
possorted_genome_bam_NUJC8:GCGAGAAAGTCATCCAx,mt4Rf
possorted_genome_bam_NUJC8:GCGCAACCATTAGGCTx,mt4Rf
possorted_genome_bam_NUJC8:GCATGCGTCACGAAGGx,mt4Rf
possorted_genome_bam_NUJC8:GCGCAACCAAGCGATGx,mt4Rf
possorted_genome_bam_NUJC8:GCATGTAGTGGCAAACx,mt4Rf
possorted_genome_bam_NUJC8:GCATGATGTAGCGCAAx,mt4Rf
possorted_genome_bam_NUJC8:GCAGCCACACCACCAGx,mt4Rf
possorted_genome_bam_NUJC8:GCATACATCCAATGGTx,mt4Rf
possorted_genome_bam_NUJC8:GCATGTATCTTCATGTx,mt4Rf
possorted_genome_bam_NUJC8:GCATGTAGTATATGGAx,mt4Rf
possorted_genome_bam_NUJC8:GCATACACAGCTCGCAx,mt4Rf
possorted_genome_bam_NUJC8:GCGCAACAGTTTCCTTx,mt4Rf
possorted_genome_bam_NUJC8:GCATGCGCATCTCCCAx,mt4Rf
possorted_genome_bam_NUJC8:GCATGATCATCAGTCAx,mt4Rf
possorted_genome_bam_NUJC8:GCCTCTATCCGAACGCx,mt4Rf
possorted_genome_bam_NUJC8:GCAGTTATCCTGCAGGx,mt4Rf
possorted_genome_bam_NUJC8:GCGCAACCAGCTCGACx,mt4Rf
possorted_genome_bam_NUJC8:GCGCAGTCACCCATGGx,mt4Rf
possorted_genome_bam_NUJC8:GCTGCGAGTTATCACGx,mt4Rf
possorted_genome_bam_NUJC8:GCGGGTTGTCATCGGCx,mt4Rf
possorted_genome_bam_NUJC8:GCGGGTTGTGCTCTTCx,mt4Rf
possorted_genome_bam_NUJC8:GCGCCAAAGCGATTCTx,mt4Rf
possorted_genome_bam_NUJC8:GCTGGGTTCTTACCTAx,mt4Rf
possorted_genome_bam_NUJC8:GGAAAGCGTCAGAATAx,mt4Rf
possorted_genome_bam_NUJC8:GCTTCCAGTTGCCTCTx,mt4Rf
possorted_genome_bam_NUJC8:GCTGGGTCATTCTCATx,mt4Rf
possorted_genome_bam_NUJC8:GCTTCCATCACTGGGCx,mt4Rf
possorted_genome_bam_NUJC8:GCGGGTTTCTAACCGAx,mt4Rf
possorted_genome_bam_NUJC8:GCTTGAAAGTGGAGTCx,mt4Rf
possorted_genome_bam_NUJC8:GCTGCTTCATGGTTGTx,mt4Rf
possorted_genome_bam_NUJC8:GCTGCGACAGTGGAGTx,mt4Rf
possorted_genome_bam_NUJC8:GCTGCAGTCTCGATGAx,mt4Rf
possorted_genome_bam_NUJC8:GCTGCAGGTTGGTGGAx,mt4Rf
possorted_genome_bam_NUJC8:GCGGGTTCAGCTGTGCx,mt4Rf
possorted_genome_bam_NUJC8:GCGGGTTAGTTCGATCx,mt4Rf
possorted_genome_bam_NUJC8:GCTCCTACAGACGCAAx,mt4Rf
possorted_genome_bam_NUJC8:GCGCGATGTCAACTGTx,mt4Rf
possorted_genome_bam_NUJC8:GCGGGTTAGTGGGCTAx,mt4Rf
possorted_genome_bam_NUJC8:GCTTGAAGTCATGCATx,mt4Rf
possorted_genome_bam_NUJC8:GCGGGTTAGGTTCCTAx,mt4Rf
possorted_genome_bam_NUJC8:GCTTGAATCGCTTGTCx,mt4Rf
possorted_genome_bam_NUJC8:GCTTGAAGTCAGAAGCx,mt4Rf
possorted_genome_bam_NUJC8:GCTCCTATCACTTATCx,mt4Rf
possorted_genome_bam_NUJC8:GGAAAGCTCGGTTCGGx,mt4Rf
possorted_genome_bam_NUJC8:GCTTGAACACCTCGTTx,mt4Rf
possorted_genome_bam_NUJC8:GCGCCAACAAACCTACx,mt4Rf
possorted_genome_bam_NUJC8:GCTGCAGAGACCCACCx,mt4Rf
possorted_genome_bam_NUJC8:GCTTCCAAGGTGCAACx,mt4Rf
possorted_genome_bam_NUJC8:GCGCAGTGTACGCACCx,mt4Rf
possorted_genome_bam_NUJC8:GCTCTGTAGCCGATTTx,mt4Rf
possorted_genome_bam_NUJC8:GCTCCTAAGTACGTAAx,mt4Rf
possorted_genome_bam_NUJC8:GCGCCAAAGGAGTTGCx,mt4Rf
possorted_genome_bam_NUJC8:GCTCCTACAACTGGCCx,mt4Rf
possorted_genome_bam_NUJC8:GCTCCTAAGTACATGAx,mt4Rf
possorted_genome_bam_NUJC8:GGAAAGCAGGAGTTTAx,mt4Rf
possorted_genome_bam_NUJC8:GCTGGGTTCCAAACTGx,mt4Rf
possorted_genome_bam_NUJC8:GCGGGTTGTCATGCATx,mt4Rf
possorted_genome_bam_NUJC8:GCTGCAGGTCAGATAAx,mt4Rf
possorted_genome_bam_NUJC8:GCTGCTTAGAAACCGCx,mt4Rf
possorted_genome_bam_NUJC8:GCGCGATCAGGGAGAGx,mt4Rf
possorted_genome_bam_NUJC8:GCTGCGACAAAGTGCGx,mt4Rf
possorted_genome_bam_NUJC8:GCTTGAACATGTCTCCx,mt4Rf
possorted_genome_bam_NUJC8:GGAAAGCAGGTTCCTAx,mt4Rf
possorted_genome_bam_NUJC8:GCGCCAATCCTGCAGGx,mt4Rf
possorted_genome_bam_NUJC8:GCTGCGAGTTCCACGGx,mt4Rf
possorted_genome_bam_NUJC8:GCTGCGAAGGACAGCTx,mt4Rf
possorted_genome_bam_NUJC8:GCTGCTTCAGACAAGCx,mt4Rf
possorted_genome_bam_NUJC8:GCGGGTTAGTGCCAGAx,mt4Rf
possorted_genome_bam_NUJC8:GCGCAGTGTATCACCAx,mt4Rf
possorted_genome_bam_NUJC8:GCGGGTTAGGGTTTCTx,mt4Rf
possorted_genome_bam_NUJC8:GCTCTGTTCCACTCCAx,mt4Rf
possorted_genome_bam_NUJC8:GCTGGGTGTTAAGTAGx,mt4Rf
possorted_genome_bam_NUJC8:GCTGCGATCATGCATGx,mt4Rf
possorted_genome_bam_NUJC8:GCTGCGATCAAGAAGTx,mt4Rf
possorted_genome_bam_NUJC8:GCGCAGTCATATACCGx,mt4Rf
possorted_genome_bam_NUJC8:GCGCCAAAGGATCGCAx,mt4Rf
possorted_genome_bam_NUJC8:GCTGCGAGTTGCCTCTx,mt4Rf
possorted_genome_bam_NUJC8:GCTTCCAAGAATGTGTx,mt4Rf
possorted_genome_bam_NUJC8:GCTCTGTGTCACAAGGx,mt4Rf
possorted_genome_bam_NUJC8:GCGCGATGTCACAAGGx,mt4Rf
possorted_genome_bam_NUJC8:GGAAAGCGTTGGAGGTx,mt4Rf
possorted_genome_bam_NUJC8:GCTTCCAGTCGTGGCTx,mt4Rf
possorted_genome_bam_NUJC8:GGAAAGCAGCCCGAAAx,mt4Rf
possorted_genome_bam_NUJC8:GGAAAGCCAATAGCGGx,mt4Rf
possorted_genome_bam_NUJC8:GCTTCCATCGTTTAGGx,mt4Rf
possorted_genome_bam_NUJC8:GCTCCTAAGACCGGATx,mt4Rf
possorted_genome_bam_NUJC8:GCTGCTTAGAAGGTTTx,mt4Rf
possorted_genome_bam_NUJC8:GCTGCGAAGCTCCCAGx,mt4Rf
possorted_genome_bam_NUJC8:GCTGCGAGTGTGACGAx,mt4Rf
possorted_genome_bam_NUJC8:GCTGCGAAGCTAACTCx,mt4Rf
possorted_genome_bam_NUJC8:GCTTCCATCGCAGGCTx,mt4Rf
possorted_genome_bam_NUJC8:GCTGCTTAGTGGAGAAx,mt4Rf
possorted_genome_bam_NUJC8:GCTGCTTGTTATCGGTx,mt4Rf
possorted_genome_bam_NUJC8:GCGGGTTTCGGACAAGx,mt4Rf
possorted_genome_bam_NUJC8:GCGCCAAGTTACCGATx,mt4Rf
possorted_genome_bam_NUJC8:GCGCCAACACGAGGTAx,mt4Rf
possorted_genome_bam_NUJC8:GCTGCAGTCCTGTAGAx,mt4Rf
possorted_genome_bam_NUJC8:GCGCAGTGTTACGGAGx,mt4Rf
possorted_genome_bam_NUJC8:GCTGCAGGTCGGCTCAx,mt4Rf
possorted_genome_bam_NUJC8:GCTGCGACAAAGCGGTx,mt4Rf
possorted_genome_bam_NUJC8:GGAAAGCAGCGTAATAx,mt4Rf
possorted_genome_bam_NUJC8:GCGGGTTTCGGAAACGx,mt4Rf
possorted_genome_bam_NUJC8:GCTCTGTGTGCCTGTGx,mt4Rf
possorted_genome_bam_NUJC8:GCTGCAGCACGTAAGGx,mt4Rf
possorted_genome_bam_NUJC8:GCTTCCAGTAACGCGAx,mt4Rf
possorted_genome_bam_NUJC8:GCGCGATTCCTCGCATx,mt4Rf
possorted_genome_bam_NUJC8:GGAAAGCGTCAGGACAx,mt4Rf
possorted_genome_bam_NUJC8:GCTGCGACAATCGAAAx,mt4Rf
possorted_genome_bam_NUJC8:GCTGCGAAGTGGAGTCx,mt4Rf
possorted_genome_bam_NUJC8:GCGGGTTTCACAAACCx,mt4Rf
possorted_genome_bam_NUJC8:GCTGGGTGTGAGTGACx,mt4Rf
possorted_genome_bam_NUJC8:GCTGGGTTCAAACCGTx,mt4Rf
possorted_genome_bam_NUJC8:GCGGGTTGTCACCTAAx,mt4Rf
possorted_genome_bam_NUJC8:GCGCGATGTCATACTGx,mt4Rf
possorted_genome_bam_NUJC8:GCTCCTATCCCAGGTGx,mt4Rf
possorted_genome_bam_NUJC8:GCTCCTATCCTTGGTCx,mt4Rf
possorted_genome_bam_NUJC8:GGAACTTCACCAGGCTx,mt4Rf
possorted_genome_bam_NUJC8:GGCCGATCACCATCCTx,mt4Rf
possorted_genome_bam_NUJC8:GGCGACTAGGCCCGTTx,mt4Rf
possorted_genome_bam_NUJC8:GGCCGATAGAAACGAGx,mt4Rf
possorted_genome_bam_NUJC8:GGACAAGTCGTGGGAAx,mt4Rf
possorted_genome_bam_NUJC8:GGAATAAAGATCCCGCx,mt4Rf
possorted_genome_bam_NUJC8:GGACATTGTACAAGTAx,mt4Rf
possorted_genome_bam_NUJC8:GGACAGAGTGTAATGAx,mt4Rf
possorted_genome_bam_NUJC8:GGACATTGTGTGCGTCx,mt4Rf
possorted_genome_bam_NUJC8:GGACAAGGTTTGGCGCx,mt4Rf
possorted_genome_bam_NUJC8:GGAATAAGTCGCCATGx,mt4Rf
possorted_genome_bam_NUJC8:GGATTACAGAAGAAGCx,mt4Rf
possorted_genome_bam_NUJC8:GGATGTTCAGCCTGTGx,mt4Rf
possorted_genome_bam_NUJC8:GGCGACTAGTGGCACAx,mt4Rf
possorted_genome_bam_NUJC8:GGCAATTAGGAGTTTAx,mt4Rf
possorted_genome_bam_NUJC8:GGCAATTTCACCTTATx,mt4Rf
possorted_genome_bam_NUJC8:GGCCGATCACCAGGCTx,mt4Rf
possorted_genome_bam_NUJC8:GGCAATTTCCTGCTTGx,mt4Rf
possorted_genome_bam_NUJC8:GGATGTTCATACGCTAx,mt4Rf
possorted_genome_bam_NUJC8:GGCAATTCACCCATGGx,mt4Rf
possorted_genome_bam_NUJC8:GGAGCAAGTCCATCCTx,mt4Rf
possorted_genome_bam_NUJC8:GGACAAGGTTCGGCACx,mt4Rf
possorted_genome_bam_NUJC8:GGCCGATCAGTTCATGx,mt4Rf
possorted_genome_bam_NUJC8:GGAATAAGTGACGGTAx,mt4Rf
possorted_genome_bam_NUJC8:GGACAGAGTTATTCTCx,mt4Rf
possorted_genome_bam_NUJC8:GGAGCAATCAGTGTTGx,mt4Rf
possorted_genome_bam_NUJC8:GGATGTTAGATATACGx,mt4Rf
possorted_genome_bam_NUJC8:GGATGTTGTTAAGAACx,mt4Rf
possorted_genome_bam_NUJC8:GGACGTCCATTCCTGCx,mt4Rf
possorted_genome_bam_NUJC8:GGACATTGTAGGCATGx,mt4Rf
possorted_genome_bam_NUJC8:GGATGTTGTTCAACCAx,mt4Rf
possorted_genome_bam_NUJC8:GGAGCAAAGCTACCTAx,mt4Rf
possorted_genome_bam_NUJC8:GGACAGAGTGCTTCTCx,mt4Rf
possorted_genome_bam_NUJC8:GGATGTTCAGACAAGCx,mt4Rf
possorted_genome_bam_NUJC8:GGCAATTTCCCTCAGTx,mt4Rf
possorted_genome_bam_NUJC8:GGACGTCCACAAGTAAx,mt4Rf
possorted_genome_bam_NUJC8:GGACATTGTAAATGTGx,mt4Rf
possorted_genome_bam_NUJC8:GGAACTTCACCGATATx,mt4Rf
possorted_genome_bam_NUJC8:GGCCGATAGGAGCGAGx,mt4Rf
possorted_genome_bam_NUJC8:GGACAGACACTTGGATx,mt4Rf
possorted_genome_bam_NUJC8:GGACATTGTAGCGCAAx,mt4Rf
possorted_genome_bam_NUJC8:GGAGCAAGTAAACACAx,mt4Rf
possorted_genome_bam_NUJC8:GGATGTTTCTTACCGCx,mt4Rf
possorted_genome_bam_NUJC8:GGAACTTTCTTAGAGCx,mt4Rf
possorted_genome_bam_NUJC8:GGACAAGAGGCGACATx,mt4Rf
possorted_genome_bam_NUJC8:GGACAAGCAGATCCATx,mt4Rf
possorted_genome_bam_NUJC8:GGCAATTGTGGGTCAAx,mt4Rf
possorted_genome_bam_NUJC8:GGCCGATTCTCACATTx,mt4Rf
possorted_genome_bam_NUJC8:GGACAGAGTAGCTTGTx,mt4Rf
possorted_genome_bam_NUJC8:GGACATTAGTGAATTGx,mt4Rf
possorted_genome_bam_NUJC8:GGAACTTAGGACGAAAx,mt4Rf
possorted_genome_bam_NUJC8:GGACAAGCAGTCACTAx,mt4Rf
possorted_genome_bam_NUJC8:GGAACTTTCCCATTTAx,mt4Rf
possorted_genome_bam_NUJC8:GGCCGATCAACTGGCCx,mt4Rf
possorted_genome_bam_NUJC8:GGATGTTTCTCGTTTAx,mt4Rf
possorted_genome_bam_NUJC8:GGCCGATGTCACTGGCx,mt4Rf
possorted_genome_bam_NUJC8:GGCCGATCACGGATAGx,mt4Rf
possorted_genome_bam_NUJC8:GGACATTTCTCCTATAx,mt4Rf
possorted_genome_bam_NUJC8:GGACATTCAGTATAAGx,mt4Rf
possorted_genome_bam_NUJC8:GGAGCAAGTAGCTAAAx,mt4Rf
possorted_genome_bam_NUJC8:GGACAAGTCAACCATGx,mt4Rf
possorted_genome_bam_NUJC8:GGATTACCAGACACTTx,mt4Rf
possorted_genome_bam_NUJC8:GGCCGATCAAACAACAx,mt4Rf
possorted_genome_bam_NUJC8:GGATGTTAGTCGCCGTx,mt4Rf
possorted_genome_bam_NUJC8:GGACAGAGTTTGTTTCx,mt4Rf
possorted_genome_bam_NUJC8:GGACAGATCATCTGTTx,mt4Rf
possorted_genome_bam_NUJC8:GGACAGAGTAAGAGAGx,mt4Rf
possorted_genome_bam_NUJC8:GGAATAACACTACAGTx,mt4Rf
possorted_genome_bam_NUJC8:GGACAGACAATAGCAAx,mt4Rf
possorted_genome_bam_NUJC8:GGATGTTCAGTGACAGx,mt4Rf
possorted_genome_bam_NUJC8:GGAATAACAAGCGAGTx,mt4Rf
possorted_genome_bam_NUJC8:GGAGCAACAAACTGTCx,mt4Rf
possorted_genome_bam_NUJC8:GGAGCAAGTAGGCATGx,mt4Rf
possorted_genome_bam_NUJC8:GGATTACGTGCAACTTx,mt4Rf
possorted_genome_bam_NUJC8:GGATGTTTCGTTACGAx,mt4Rf
possorted_genome_bam_NUJC8:GGAACTTGTCAACTGTx,mt4Rf
possorted_genome_bam_NUJC8:GGACATTAGGCTAGCAx,mt4Rf
possorted_genome_bam_NUJC8:GGAAAGCTCTCCCTGAx,mt4Rf
possorted_genome_bam_NUJC8:GGACAAGTCATGCATGx,mt4Rf
possorted_genome_bam_NUJC8:GGACAGAGTCTCACCTx,mt4Rf
possorted_genome_bam_NUJC8:GGATGTTTCCAGTATGx,mt4Rf
possorted_genome_bam_NUJC8:GGATTACTCAGTGCATx,mt4Rf
possorted_genome_bam_NUJC8:GGATGTTTCTTGTACTx,mt4Rf
possorted_genome_bam_NUJC8:GGCGACTAGAGACGAAx,mt4Rf
possorted_genome_bam_NUJC8:GGATTACAGTGCCATTx,mt4Rf
possorted_genome_bam_NUJC8:GGCGACTAGCGGATCAx,mt4Rf
possorted_genome_bam_NUJC8:GGCAATTGTTACGCGCx,mt4Rf
possorted_genome_bam_NUJC8:GGCCGATGTAGCGTGAx,mt4Rf
possorted_genome_bam_NUJC8:GGAATAACATTAGGCTx,mt4Rf
possorted_genome_bam_NUJC8:GGACATTCAGCGATCCx,mt4Rf
possorted_genome_bam_NUJC8:GGATTACCAGGTCCACx,mt4Rf
possorted_genome_bam_NUJC8:GGAACTTAGTAGATGTx,mt4Rf
possorted_genome_bam_NUJC8:GGACAAGGTAAGGGCTx,mt4Rf
possorted_genome_bam_NUJC8:GGAACTTAGGATGGAAx,mt4Rf
possorted_genome_bam_NUJC8:GGCAATTAGAGACTTAx,mt4Rf
possorted_genome_bam_NUJC8:GGACAAGCAGCTCGCAx,mt4Rf
possorted_genome_bam_NUJC8:GGATGTTGTGCACGAAx,mt4Rf
possorted_genome_bam_NUJC8:GGAGCAAAGCAGCGTAx,mt4Rf
possorted_genome_bam_NUJC8:GGCAATTAGTACGTAAx,mt4Rf
possorted_genome_bam_NUJC8:GGCAATTGTACTCAACx,mt4Rf
possorted_genome_bam_NUJC8:GGGACCTAGGCACATGx,mt4Rf
possorted_genome_bam_NUJC8:GGCGACTTCAGCACATx,mt4Rf
possorted_genome_bam_NUJC8:GGGCACTGTAGCAAATx,mt4Rf
possorted_genome_bam_NUJC8:GGCTGGTCAGTAGAGCx,mt4Rf
possorted_genome_bam_NUJC8:GGCTGGTTCCCTCAGTx,mt4Rf
possorted_genome_bam_NUJC8:GGGAGATCACAGGCCTx,mt4Rf
possorted_genome_bam_NUJC8:GGGAATGAGCTAGCCCx,mt4Rf
possorted_genome_bam_NUJC8:GGCGTGTTCACCTCGTx,mt4Rf
possorted_genome_bam_NUJC8:GGGACCTTCTGCCAGGx,mt4Rf
possorted_genome_bam_NUJC8:GGGCATCCACCCATGGx,mt4Rf
possorted_genome_bam_NUJC8:GGCGACTTCGAATGGGx,mt4Rf
possorted_genome_bam_NUJC8:GGGATGATCAACGAAAx,mt4Rf
possorted_genome_bam_NUJC8:GGGACCTGTGCAACGAx,mt4Rf
possorted_genome_bam_NUJC8:GGCGTGTTCTACCTGCx,mt4Rf
possorted_genome_bam_NUJC8:GGCGACTAGTGTTTGCx,mt4Rf
possorted_genome_bam_NUJC8:GGGAATGAGGATTCGGx,mt4Rf
possorted_genome_bam_NUJC8:GGGACCTGTTATCGGTx,mt4Rf
possorted_genome_bam_NUJC8:GGGATGATCAAGAAGTx,mt4Rf
possorted_genome_bam_NUJC8:GGGAGATCATAAAGGTx,mt4Rf
possorted_genome_bam_NUJC8:GGGACCTCACAGGTTTx,mt4Rf
possorted_genome_bam_NUJC8:GGGCATCGTGCTCTTCx,mt4Rf
possorted_genome_bam_NUJC8:GGGACCTCATGGATGGx,mt4Rf
possorted_genome_bam_NUJC8:GGCTCGATCAACGCTAx,mt4Rf
possorted_genome_bam_NUJC8:GGGAGATCAGCCAGAAx,mt4Rf
possorted_genome_bam_NUJC8:GGCTGGTAGCCTTGATx,mt4Rf
possorted_genome_bam_NUJC8:GGGAGATCAATGGACGx,mt4Rf
possorted_genome_bam_NUJC8:GGGAGATGTCTAGAGGx,mt4Rf
possorted_genome_bam_NUJC8:GGGCATCAGGAGCGTTx,mt4Rf
possorted_genome_bam_NUJC8:GGCTGGTGTAAGGGAAx,mt4Rf
possorted_genome_bam_NUJC8:GGCGTGTTCACAAACCx,mt4Rf
possorted_genome_bam_NUJC8:GGGATGAGTAGCTGCCx,mt4Rf
possorted_genome_bam_NUJC8:GGGCATCCATGCGCACx,mt4Rf
possorted_genome_bam_NUJC8:GGGAATGGTTCTCATTx,mt4Rf
possorted_genome_bam_NUJC8:GGCTGGTCATGACATCx,mt4Rf
possorted_genome_bam_NUJC8:GGCGACTCACGAGAGTx,mt4Rf
possorted_genome_bam_NUJC8:GGCTCGACATTCCTCGx,mt4Rf
possorted_genome_bam_NUJC8:GGGACCTAGCTTTGGTx,mt4Rf
possorted_genome_bam_NUJC8:GGCTGGTTCAGGATCTx,mt4Rf
possorted_genome_bam_NUJC8:GGCGACTTCTGGTTCCx,mt4Rf
possorted_genome_bam_NUJC8:GGGCACTAGTAATCCCx,mt4Rf
possorted_genome_bam_NUJC8:GGGAATGCACGGCCATx,mt4Rf
possorted_genome_bam_NUJC8:GGCGTGTAGTCAAGCGx,mt4Rf
possorted_genome_bam_NUJC8:GGGCACTAGGACCACAx,mt4Rf
possorted_genome_bam_NUJC8:GGGACCTTCCGTACAAx,mt4Rf
possorted_genome_bam_NUJC8:GGGCACTTCTGAGGGAx,mt4Rf
possorted_genome_bam_NUJC8:GGCGTGTTCTGTGCAAx,mt4Rf
possorted_genome_bam_NUJC8:GGGACCTGTTCACCTCx,mt4Rf
possorted_genome_bam_NUJC8:GGCGTGTCAAGCTGAGx,mt4Rf
possorted_genome_bam_NUJC8:GGGAATGCACCGGAAAx,mt4Rf
possorted_genome_bam_NUJC8:GGCTGGTCACGCCAGTx,mt4Rf
possorted_genome_bam_NUJC8:GGGAGATGTCGGGTCTx,mt4Rf
possorted_genome_bam_NUJC8:GGCTCGATCCGCGTTTx,mt4Rf
possorted_genome_bam_NUJC8:GGCTCGATCTTTAGTCx,mt4Rf
possorted_genome_bam_NUJC8:GGCGACTTCCTAGAACx,mt4Rf
possorted_genome_bam_NUJC8:GGGAATGTCCGCAGTGx,mt4Rf
possorted_genome_bam_NUJC8:GGCGTGTTCACAGTACx,mt4Rf
possorted_genome_bam_NUJC8:GGCGTGTTCGGATGTTx,mt4Rf
possorted_genome_bam_NUJC8:GGCTGGTAGAATGTTGx,mt4Rf
possorted_genome_bam_NUJC8:GGGAGATAGGGTTCCCx,mt4Rf
possorted_genome_bam_NUJC8:GGCGACTTCGCTGATAx,mt4Rf
possorted_genome_bam_NUJC8:GGCGTGTAGTGTACGGx,mt4Rf
possorted_genome_bam_NUJC8:GGCGACTTCAATCACGx,mt4Rf
possorted_genome_bam_NUJC8:GGGCATCGTAAGTGTAx,mt4Rf
possorted_genome_bam_NUJC8:GGGAATGCACTAAGTCx,mt4Rf
possorted_genome_bam_NUJC8:GGGCATCAGCTAACTCx,mt4Rf
possorted_genome_bam_NUJC8:GGCGACTTCTCCAACCx,mt4Rf
possorted_genome_bam_NUJC8:GGGAATGTCATCGCTCx,mt4Rf
possorted_genome_bam_NUJC8:GGGCACTCAAGCGAGTx,mt4Rf
possorted_genome_bam_NUJC8:GGGCATCAGCCACCTGx,mt4Rf
possorted_genome_bam_NUJC8:GGCTCGATCGGAGGTAx,mt4Rf
possorted_genome_bam_NUJC8:GGCTCGAAGGATTCGGx,mt4Rf
possorted_genome_bam_NUJC8:GGGCACTAGTGGAGAAx,mt4Rf
possorted_genome_bam_NUJC8:GGGCACTAGGACAGCTx,mt4Rf
possorted_genome_bam_NUJC8:GGGCATCTCACAGTACx,mt4Rf
possorted_genome_bam_NUJC8:GGCGTGTCACCACGTGx,mt4Rf
possorted_genome_bam_NUJC8:GGCGTGTTCGAATCCAx,mt4Rf
possorted_genome_bam_NUJC8:GGGACCTTCCAAGCCGx,mt4Rf
possorted_genome_bam_NUJC8:GGGAATGTCCTAGTGAx,mt4Rf
possorted_genome_bam_NUJC8:GGCGTGTCACGGCGTTx,mt4Rf
possorted_genome_bam_NUJC8:GGGATGAAGCCACGTCx,mt4Rf
possorted_genome_bam_NUJC8:GGGCATCCAAGACACGx,mt4Rf
possorted_genome_bam_NUJC8:GGCGACTCATCGGACCx,mt4Rf
possorted_genome_bam_NUJC8:GGGACCTAGTGGGTTGx,mt4Rf
possorted_genome_bam_NUJC8:GGGAATGGTCTGCAATx,mt4Rf
possorted_genome_bam_NUJC8:GGGCACTCAAATTGCCx,mt4Rf
possorted_genome_bam_NUJC8:GGGACCTAGCCAGGATx,mt4Rf
possorted_genome_bam_NUJC8:GGGCATCGTTATGCGTx,mt4Rf
possorted_genome_bam_NUJC8:GGGCACTCAATGCCATx,mt4Rf
possorted_genome_bam_NUJC8:GGCTCGACAGTCACTAx,mt4Rf
possorted_genome_bam_NUJC8:GGGAATGTCCGCATAAx,mt4Rf
possorted_genome_bam_NUJC8:GGCTGGTGTGGTACAGx,mt4Rf
possorted_genome_bam_NUJC8:GGCGTGTAGGCGTACAx,mt4Rf
possorted_genome_bam_NUJC8:GGGCATCGTAGGGACTx,mt4Rf
possorted_genome_bam_NUJC8:GGGAGATAGGGTGTTGx,mt4Rf
possorted_genome_bam_NUJC8:GGGCATCAGGAGTCTGx,mt4Rf
possorted_genome_bam_NUJC8:GGCTCGACACCGTTGGx,mt4Rf
possorted_genome_bam_NUJC8:GGCTCGATCTCCAGGGx,mt4Rf
possorted_genome_bam_NUJC8:GGGCACTCAACGATCTx,mt4Rf
possorted_genome_bam_NUJC8:GGCGTGTAGACAGAGAx,mt4Rf
possorted_genome_bam_NUJC8:GGGCATCTCATAGCACx,mt4Rf
possorted_genome_bam_NUJC8:GGTATTGAGGACCACAx,mt4Rf
possorted_genome_bam_NUJC8:GTACTTTGTGCAACGAx,mt4Rf
possorted_genome_bam_NUJC8:GTAACGTGTCCGACGTx,mt4Rf
possorted_genome_bam_NUJC8:GTAACTGGTATCAGTCx,mt4Rf
possorted_genome_bam_NUJC8:GGTGCGTCACGTGAGAx,mt4Rf
possorted_genome_bam_NUJC8:GGTGTTAGTGGGTATGx,mt4Rf
possorted_genome_bam_NUJC8:GGGTCTGTCATAACCGx,mt4Rf
possorted_genome_bam_NUJC8:GTACGTATCATAAAGGx,mt4Rf
possorted_genome_bam_NUJC8:GGGTCTGCATTCTTACx,mt4Rf
possorted_genome_bam_NUJC8:GGGTTGCCATTGAGCTx,mt4Rf
possorted_genome_bam_NUJC8:GTACTTTCAACGATGGx,mt4Rf
possorted_genome_bam_NUJC8:GGGTTGCAGACAGAGAx,mt4Rf
possorted_genome_bam_NUJC8:GGTGTTACAACTTGACx,mt4Rf
possorted_genome_bam_NUJC8:GGGTTGCAGACGCAACx,mt4Rf
possorted_genome_bam_NUJC8:GGGTCTGAGACGCACAx,mt4Rf
possorted_genome_bam_NUJC8:GTACTCCAGCTGATAAx,mt4Rf
possorted_genome_bam_NUJC8:GGTGCGTGTTGGTAAAx,mt4Rf
possorted_genome_bam_NUJC8:GGTATTGGTCTGATTGx,mt4Rf
possorted_genome_bam_NUJC8:GGTGTTAAGTGAAGAGx,mt4Rf
possorted_genome_bam_NUJC8:GTAACTGCATTTGCCCx,mt4Rf
possorted_genome_bam_NUJC8:GTAACGTCAGGGATTGx,mt4Rf
possorted_genome_bam_NUJC8:GTAACTGTCTCTAGGAx,mt4Rf
possorted_genome_bam_NUJC8:GTACTCCAGAGCTATAx,mt4Rf
possorted_genome_bam_NUJC8:GTACTCCGTCACCCAGx,mt4Rf
possorted_genome_bam_NUJC8:GTAACGTTCTTGCATTx,mt4Rf
possorted_genome_bam_NUJC8:GGTATTGGTTCACCTCx,mt4Rf
possorted_genome_bam_NUJC8:GTACTTTAGTGCCAGAx,mt4Rf
possorted_genome_bam_NUJC8:GTAACGTCATCGATTGx,mt4Rf
possorted_genome_bam_NUJC8:GTACTCCGTCAGGACAx,mt4Rf
possorted_genome_bam_NUJC8:GGGTTGCTCGTCTGAAx,mt4Rf
possorted_genome_bam_NUJC8:GGGTCTGGTGCATCTAx,mt4Rf
possorted_genome_bam_NUJC8:GTACGTACATAGGATAx,mt4Rf
possorted_genome_bam_NUJC8:GGTATTGAGTTCGCATx,mt4Rf
possorted_genome_bam_NUJC8:GTAACGTTCACAGGCCx,mt4Rf
possorted_genome_bam_NUJC8:GTACGTAAGAAGATTCx,mt4Rf
possorted_genome_bam_NUJC8:GTACTTTGTGCTAGCCx,mt4Rf
possorted_genome_bam_NUJC8:GTAACTGAGGATGGAAx,mt4Rf
possorted_genome_bam_NUJC8:GTAACTGCACACCGCAx,mt4Rf
possorted_genome_bam_NUJC8:GTAACTGTCACAACGTx,mt4Rf
possorted_genome_bam_NUJC8:GGTGCGTGTAGTGAATx,mt4Rf
possorted_genome_bam_NUJC8:GGTGAAGTCCGTTGTCx,mt4Rf
possorted_genome_bam_NUJC8:GTACTTTCAACTGGCCx,mt4Rf
possorted_genome_bam_NUJC8:GTAACTGTCATGCTCCx,mt4Rf
possorted_genome_bam_NUJC8:GGGTTGCCATGGTCTAx,mt4Rf
possorted_genome_bam_NUJC8:GTAACTGCACTGCCAGx,mt4Rf
possorted_genome_bam_NUJC8:GTACTCCCATATGAGAx,mt4Rf
possorted_genome_bam_NUJC8:GGGTCTGAGACCCACCx,mt4Rf
possorted_genome_bam_NUJC8:GTACGTATCGAACGGAx,mt4Rf
possorted_genome_bam_NUJC8:GGTGAAGGTATAGGTAx,mt4Rf
possorted_genome_bam_NUJC8:GTACGTATCGAGCCCAx,mt4Rf
possorted_genome_bam_NUJC8:GTACTCCTCACGGTTAx,mt4Rf
possorted_genome_bam_NUJC8:GTACTCCCACAAGTAAx,mt4Rf
possorted_genome_bam_NUJC8:GGTGCGTCATGTCGATx,mt4Rf
possorted_genome_bam_NUJC8:GTACTCCCAGAAGCACx,mt4Rf
possorted_genome_bam_NUJC8:GTACGTATCTGTTTGTx,mt4Rf
possorted_genome_bam_NUJC8:GTACTTTGTTACGCGCx,mt4Rf
possorted_genome_bam_NUJC8:GTACTCCAGAGTAAGGx,mt4Rf
possorted_genome_bam_NUJC8:GTAACGTCATCCAACAx,mt4Rf
possorted_genome_bam_NUJC8:GTAACGTGTGAGGGAGx,mt4Rf
possorted_genome_bam_NUJC8:GTACGTAAGCGCCTTGx,mt4Rf
possorted_genome_bam_NUJC8:GGTATTGAGTTAAGTGx,mt4Rf
possorted_genome_bam_NUJC8:GTACTCCTCAGCTCTCx,mt4Rf
possorted_genome_bam_NUJC8:GTACGTACAAGTTGTCx,mt4Rf
possorted_genome_bam_NUJC8:GTACTTTCAGGAATCGx,mt4Rf
possorted_genome_bam_NUJC8:GTAACTGTCGCTTAGAx,mt4Rf
possorted_genome_bam_NUJC8:GGGTTGCCAGGGTACAx,mt4Rf
possorted_genome_bam_NUJC8:GGGTTGCCAAGGTGTGx,mt4Rf
possorted_genome_bam_NUJC8:GTAACTGTCCTGCCATx,mt4Rf
possorted_genome_bam_NUJC8:GGGTCTGGTCTGCAATx,mt4Rf
possorted_genome_bam_NUJC8:GGTGAAGTCCGCGCAAx,mt4Rf
possorted_genome_bam_NUJC8:GTACTCCCACTGTTAGx,mt4Rf
possorted_genome_bam_NUJC8:GGTGTTAGTGATGCCCx,mt4Rf
possorted_genome_bam_NUJC8:GTAACGTGTACTCGCGx,mt4Rf
possorted_genome_bam_NUJC8:GGTGCGTGTCTAGTGTx,mt4Rf
possorted_genome_bam_NUJC8:GGTGCGTAGAGCTATAx,mt4Rf
possorted_genome_bam_NUJC8:GTAACGTCAATGGATAx,mt4Rf
possorted_genome_bam_NUJC8:GTACGTAGTGGGTATGx,mt4Rf
possorted_genome_bam_NUJC8:GGTGTTAAGAAACGAGx,mt4Rf
possorted_genome_bam_NUJC8:GGGTTGCAGCGTGAGTx,mt4Rf
possorted_genome_bam_NUJC8:GGTGTTAAGTGGGCTAx,mt4Rf
possorted_genome_bam_NUJC8:GGTGTTATCTACGAGTx,mt4Rf
possorted_genome_bam_NUJC8:GTAACTGAGAGGGCTTx,mt4Rf
possorted_genome_bam_NUJC8:GGTATTGCATCTATGGx,mt4Rf
possorted_genome_bam_NUJC8:GTACTCCGTCCGAGTCx,mt4Rf
possorted_genome_bam_NUJC8:GGGTCTGAGGAGTCTGx,mt4Rf
possorted_genome_bam_NUJC8:GGGTCTGAGACAATACx,mt4Rf
possorted_genome_bam_NUJC8:GGTGAAGCACCCATGGx,mt4Rf
possorted_genome_bam_NUJC8:GGTGTTACAGTCGATTx,mt4Rf
possorted_genome_bam_NUJC8:GGTATTGCACTAGTACx,mt4Rf
possorted_genome_bam_NUJC8:GTAACGTTCAGAGACGx,mt4Rf
possorted_genome_bam_NUJC8:GGTGTTAAGCCGTCGTx,mt4Rf
possorted_genome_bam_NUJC8:GGGCATCTCCGCGGTAx,mt4Rf
possorted_genome_bam_NUJC8:GTAACGTCAGCTGCACx,mt4Rf
possorted_genome_bam_NUJC8:GGTGAAGCAACAACCTx,mt4Rf
possorted_genome_bam_NUJC8:GTAACGTGTACACCGCx,mt4Rf
possorted_genome_bam_NUJC8:GTACTCCCATTACGACx,mt4Rf
possorted_genome_bam_NUJC8:GGGTTGCTCTTGAGGTx,mt4Rf
possorted_genome_bam_NUJC8:GGTGAAGTCAACCATGx,mt4Rf
possorted_genome_bam_NUJC8:GGTGTTAGTGTGCGTCx,mt4Rf
possorted_genome_bam_NUJC8:GTATCTTCAAACGTGGx,mt4Rf
possorted_genome_bam_NUJC8:GTCACGGAGGCCGAATx,mt4Rf
possorted_genome_bam_NUJC8:GTCCTCAAGGACTGGTx,mt4Rf
possorted_genome_bam_NUJC8:GTACTTTTCGAATGCTx,mt4Rf
possorted_genome_bam_NUJC8:GTCGGGTCATGCAATCx,mt4Rf
possorted_genome_bam_NUJC8:GTCGGGTGTAAGGGAAx,mt4Rf
possorted_genome_bam_NUJC8:GTCGTAACAGTGACAGx,mt4Rf
possorted_genome_bam_NUJC8:GTCACAAGTAGAGGAAx,mt4Rf
possorted_genome_bam_NUJC8:GTCACAATCTCGCATCx,mt4Rf
possorted_genome_bam_NUJC8:GTCATTTGTAGAAAGGx,mt4Rf
possorted_genome_bam_NUJC8:GTCATTTTCTCAACTTx,mt4Rf
possorted_genome_bam_NUJC8:GTCATTTAGATCACGGx,mt4Rf
possorted_genome_bam_NUJC8:GTCACGGAGCCAACAGx,mt4Rf
possorted_genome_bam_NUJC8:GTCACGGTCGTCACGGx,mt4Rf
possorted_genome_bam_NUJC8:GTATTCTAGGCGACATx,mt4Rf
possorted_genome_bam_NUJC8:GTATCTTGTTGATTGCx,mt4Rf
possorted_genome_bam_NUJC8:GTCCTCACAGCGTCCAx,mt4Rf
possorted_genome_bam_NUJC8:GTCATTTGTAAGGATTx,mt4Rf
possorted_genome_bam_NUJC8:GTATTCTAGTGTGAATx,mt4Rf
possorted_genome_bam_NUJC8:GTCGGGTTCCTCAACCx,mt4Rf
possorted_genome_bam_NUJC8:GTCGGGTTCTAGAGTCx,mt4Rf
possorted_genome_bam_NUJC8:GTAGTCAGTGTTCTTTx,mt4Rf
possorted_genome_bam_NUJC8:GTATCTTGTGTGACCCx,mt4Rf
possorted_genome_bam_NUJC8:GTCCTCATCCGTACAAx,mt4Rf
possorted_genome_bam_NUJC8:GTATCTTAGCGTTTACx,mt4Rf
possorted_genome_bam_NUJC8:GTCGGGTTCGAGGTAGx,mt4Rf
possorted_genome_bam_NUJC8:GTAGTCACAGTCAGCCx,mt4Rf
possorted_genome_bam_NUJC8:GTCGTAACAAGTAATGx,mt4Rf
possorted_genome_bam_NUJC8:GTCGTAAGTGATGTGGx,mt4Rf
possorted_genome_bam_NUJC8:GTAGGCCCAGTTCCCTx,mt4Rf
possorted_genome_bam_NUJC8:GTATCTTTCCTATGTTx,mt4Rf
possorted_genome_bam_NUJC8:GTCCTCACACCAGGTCx,mt4Rf
possorted_genome_bam_NUJC8:GTAGTCAAGTGTCCATx,mt4Rf
possorted_genome_bam_NUJC8:GTATTCTGTATCTGCAx,mt4Rf
possorted_genome_bam_NUJC8:GTCGGGTGTATTCTCTx,mt4Rf
possorted_genome_bam_NUJC8:GTAGTCAAGAAGGACAx,mt4Rf
possorted_genome_bam_NUJC8:GTCGTAAAGGGATCTGx,mt4Rf
possorted_genome_bam_NUJC8:GTCATTTTCTATGTGGx,mt4Rf
possorted_genome_bam_NUJC8:GTAGGCCGTTCCACTCx,mt4Rf
possorted_genome_bam_NUJC8:GTCACGGGTTCTCATTx,mt4Rf
possorted_genome_bam_NUJC8:GTCATTTGTCGTGGCTx,mt4Rf
possorted_genome_bam_NUJC8:GTCGGGTTCCAAACTGx,mt4Rf
possorted_genome_bam_NUJC8:GTATTCTAGCGTGTCCx,mt4Rf
possorted_genome_bam_NUJC8:GTCGGGTTCGTGTAGTx,mt4Rf
possorted_genome_bam_NUJC8:GTACTTTTCCCTAACCx,mt4Rf
possorted_genome_bam_NUJC8:GTCACAAAGTACCGGAx,mt4Rf
possorted_genome_bam_NUJC8:GTCACGGAGCGTGTCCx,mt4Rf
possorted_genome_bam_NUJC8:GTAGTCACATGTTGACx,mt4Rf
possorted_genome_bam_NUJC8:GTCCTCAGTGATGTGGx,mt4Rf
possorted_genome_bam_NUJC8:GTATTCTTCGGAGCAAx,mt4Rf
possorted_genome_bam_NUJC8:GTCCTCATCAGAAATGx,mt4Rf
possorted_genome_bam_NUJC8:GTCGGGTCATGAAGTAx,mt4Rf
possorted_genome_bam_NUJC8:GTCGTAAGTGTTCTTTx,mt4Rf
possorted_genome_bam_NUJC8:GTAGTCAAGCCGGTAAx,mt4Rf
possorted_genome_bam_NUJC8:GTCAAGTGTAATTGGAx,mt4Rf
possorted_genome_bam_NUJC8:GTCAAGTGTCCCTTGTx,mt4Rf
possorted_genome_bam_NUJC8:GTATTCTAGTACGTTCx,mt4Rf
possorted_genome_bam_NUJC8:GTCACAATCATCGGATx,mt4Rf
possorted_genome_bam_NUJC8:GTCCTCAGTTCGTTGAx,mt4Rf
possorted_genome_bam_NUJC8:GTCGTAAGTTGACGTTx,mt4Rf
possorted_genome_bam_NUJC8:GTAGGCCGTCCGAACCx,mt4Rf
possorted_genome_bam_NUJC8:GTCGGGTGTATAATGGx,mt4Rf
possorted_genome_bam_NUJC8:GTCACGGAGGGCTTCCx,mt4Rf
possorted_genome_bam_NUJC8:GTCAAGTGTGCGAAACx,mt4Rf
possorted_genome_bam_NUJC8:GTATCTTGTTGCGCACx,mt4Rf
possorted_genome_bam_NUJC8:GTAGGCCCAATCCAACx,mt4Rf
possorted_genome_bam_NUJC8:GTCCTCAAGCGCTCCAx,mt4Rf
possorted_genome_bam_NUJC8:GTAGGCCCATCGGGTCx,mt4Rf
possorted_genome_bam_NUJC8:GTAGTCAGTGGACGATx,mt4Rf
possorted_genome_bam_NUJC8:GTAGGCCTCAGGCGAAx,mt4Rf
possorted_genome_bam_NUJC8:GTCACAAGTCCGAATTx,mt4Rf
possorted_genome_bam_NUJC8:GTCATTTTCACTTCATx,mt4Rf
possorted_genome_bam_NUJC8:GTATTCTTCAAGGCTTx,mt4Rf
possorted_genome_bam_NUJC8:GTAGGCCTCTTGTCATx,mt4Rf
possorted_genome_bam_NUJC8:GTAGTCAAGAGTAAGGx,mt4Rf
possorted_genome_bam_NUJC8:GTCATTTAGCAACGGTx,mt4Rf
possorted_genome_bam_NUJC8:GTCCTCAGTTATCGGTx,mt4Rf
possorted_genome_bam_NUJC8:GTAGTCACATGTCCTCx,mt4Rf
possorted_genome_bam_NUJC8:GTAGGCCAGCGCTTATx,mt4Rf
possorted_genome_bam_NUJC8:GTATCTTAGAAACCTAx,mt4Rf
possorted_genome_bam_NUJC8:GTCAAGTGTCTGGAGAx,mt4Rf
possorted_genome_bam_NUJC8:GTCACGGCAAGCTGTTx,mt4Rf
possorted_genome_bam_NUJC8:GTATTCTTCAGGTTCAx,mt4Rf
possorted_genome_bam_NUJC8:GTAGTCAGTCTTGATGx,mt4Rf
possorted_genome_bam_NUJC8:GTCATTTAGCCAGGATx,mt4Rf
possorted_genome_bam_NUJC8:GTCAAGTCATGAGCGAx,mt4Rf
possorted_genome_bam_NUJC8:GTATCTTCACTATCTTx,mt4Rf
possorted_genome_bam_NUJC8:GTAGGCCAGACATAACx,mt4Rf
possorted_genome_bam_NUJC8:GTAGTCAAGCTCCTTCx,mt4Rf
possorted_genome_bam_NUJC8:GTATCTTAGGGAGTAAx,mt4Rf
possorted_genome_bam_NUJC8:GTCATTTGTACCGGCTx,mt4Rf
possorted_genome_bam_NUJC8:GTCACGGAGGATGGTCx,mt4Rf
possorted_genome_bam_NUJC8:GTCACAAAGATCGATAx,mt4Rf
possorted_genome_bam_NUJC8:GTCGTAACATTCCTCGx,mt4Rf
possorted_genome_bam_NUJC8:GTCGTAAGTATTCGTGx,mt4Rf
possorted_genome_bam_NUJC8:GTCACAACAGGTTTCAx,mt4Rf
possorted_genome_bam_NUJC8:GTCACGGTCTGTGCAAx,mt4Rf
possorted_genome_bam_NUJC8:GTAGTCATCTAAGCCAx,mt4Rf
possorted_genome_bam_NUJC8:GTCATTTGTGAGTGACx,mt4Rf
possorted_genome_bam_NUJC8:GTGCGGTAGTCGATAAx,mt4Rf
possorted_genome_bam_NUJC8:GTGCATATCGGTGTTAx,mt4Rf
possorted_genome_bam_NUJC8:GTGCAGCCAATGGACGx,mt4Rf
possorted_genome_bam_NUJC8:GTGCATAGTCTTGTCCx,mt4Rf
possorted_genome_bam_NUJC8:GTGTTAGAGGGAACGGx,mt4Rf
possorted_genome_bam_NUJC8:GTGCTTCAGCTGTCTAx,mt4Rf
possorted_genome_bam_NUJC8:GTGCATAAGAATGTGTx,mt4Rf
possorted_genome_bam_NUJC8:GTGGGTCAGTCCTCCTx,mt4Rf
possorted_genome_bam_NUJC8:GTCTCGTGTGTCAATCx,mt4Rf
possorted_genome_bam_NUJC8:GTCTCGTAGTGATCGGx,mt4Rf
possorted_genome_bam_NUJC8:GTGGGTCCATCCTTGCx,mt4Rf
possorted_genome_bam_NUJC8:GTGCAGCGTCCCTTGTx,mt4Rf
possorted_genome_bam_NUJC8:GTGAAGGTCTGAGTGTx,mt4Rf
possorted_genome_bam_NUJC8:GTGCATATCGACGGAAx,mt4Rf
possorted_genome_bam_NUJC8:GTGTTAGTCGAGCCCAx,mt4Rf
possorted_genome_bam_NUJC8:GTGCGGTTCTGGCGTGx,mt4Rf
possorted_genome_bam_NUJC8:GTGGGTCGTTTCGCTCx,mt4Rf
possorted_genome_bam_NUJC8:GTCTTCGCATACGCTAx,mt4Rf
possorted_genome_bam_NUJC8:GTCTCGTCAGACGCAAx,mt4Rf
possorted_genome_bam_NUJC8:GTGTGCGGTAGTGAATx,mt4Rf
possorted_genome_bam_NUJC8:GTGCAGCCAGACGCAAx,mt4Rf
possorted_genome_bam_NUJC8:GTGCGGTTCCTGTAGAx,mt4Rf
possorted_genome_bam_NUJC8:GTGGGTCCAGGGTACAx,mt4Rf
possorted_genome_bam_NUJC8:GTGCGGTAGGCATTGGx,mt4Rf
possorted_genome_bam_NUJC8:GTCTTCGCATTCCTGCx,mt4Rf
possorted_genome_bam_NUJC8:GTGCGGTGTCAACATCx,mt4Rf
possorted_genome_bam_NUJC8:GTGAAGGCATTGCGGCx,mt4Rf
possorted_genome_bam_NUJC8:GTGCATAGTGCGCTTGx,mt4Rf
possorted_genome_bam_NUJC8:GTGAAGGAGCTCCTTCx,mt4Rf
possorted_genome_bam_NUJC8:GTGAAGGCACACGCTGx,mt4Rf
possorted_genome_bam_NUJC8:GTCTCGTCAAGAAAGGx,mt4Rf
possorted_genome_bam_NUJC8:GTCTTCGCAAAGTCAAx,mt4Rf
possorted_genome_bam_NUJC8:GTCTTCGTCTAACCGAx,mt4Rf
possorted_genome_bam_NUJC8:GTGCGGTAGCCACTATx,mt4Rf
possorted_genome_bam_NUJC8:GTGTTAGGTAGGACACx,mt4Rf
possorted_genome_bam_NUJC8:GTGCGGTTCCGCATAAx,mt4Rf
possorted_genome_bam_NUJC8:GTGTGCGCAGCTCGACx,mt4Rf
possorted_genome_bam_NUJC8:GTCTCGTAGACCGGATx,mt4Rf
possorted_genome_bam_NUJC8:GTGCTTCGTTCTGTTTx,mt4Rf
possorted_genome_bam_NUJC8:GTCTTCGTCGCATGATx,mt4Rf
possorted_genome_bam_NUJC8:GTGGGTCTCACTGGGCx,mt4Rf
possorted_genome_bam_NUJC8:GTGCAGCAGCGCTCCAx,mt4Rf
possorted_genome_bam_NUJC8:GTGTGCGCAATCACACx,mt4Rf
possorted_genome_bam_NUJC8:GTTAAGCAGCGCCTCAx,mt4Rf
possorted_genome_bam_NUJC8:GTGTTAGAGCCGCCTAx,mt4Rf
possorted_genome_bam_NUJC8:GTGAAGGAGGCGCTCTx,mt4Rf
possorted_genome_bam_NUJC8:GTGCAGCTCACGGTTAx,mt4Rf
possorted_genome_bam_NUJC8:GTGGGTCCACGTTGGCx,mt4Rf
possorted_genome_bam_NUJC8:GTGGGTCAGTTACGGGx,mt4Rf
possorted_genome_bam_NUJC8:GTGCAGCGTAGGCTGAx,mt4Rf
possorted_genome_bam_NUJC8:GTGCTTCTCCTCTAGCx,mt4Rf
possorted_genome_bam_NUJC8:GTGGGTCTCTTGACGAx,mt4Rf
possorted_genome_bam_NUJC8:GTGCGGTTCCGCATCTx,mt4Rf
possorted_genome_bam_NUJC8:GTGCTTCTCACATACGx,mt4Rf
possorted_genome_bam_NUJC8:GTGCTTCTCTATCCTAx,mt4Rf
possorted_genome_bam_NUJC8:GTGAAGGAGGAGTCTGx,mt4Rf
possorted_genome_bam_NUJC8:GTGTTAGAGCAGGTCAx,mt4Rf
possorted_genome_bam_NUJC8:GTGGGTCAGATGGGTCx,mt4Rf
possorted_genome_bam_NUJC8:GTGTGCGCAGTCAGCCx,mt4Rf
possorted_genome_bam_NUJC8:GTCTTCGGTACTCAACx,mt4Rf
possorted_genome_bam_NUJC8:GTGCAGCTCCAGTAGTx,mt4Rf
possorted_genome_bam_NUJC8:GTGCATACATGACATCx,mt4Rf
possorted_genome_bam_NUJC8:GTGTTAGTCCGTAGGCx,mt4Rf
possorted_genome_bam_NUJC8:GTGCATATCATCATTCx,mt4Rf
possorted_genome_bam_NUJC8:GTGCATACACTAAGTCx,mt4Rf
possorted_genome_bam_NUJC8:GTGCAGCAGAAGGTGAx,mt4Rf
possorted_genome_bam_NUJC8:GTTAAGCAGAGGTAGAx,mt4Rf
possorted_genome_bam_NUJC8:GTGCATAAGCAATATGx,mt4Rf
possorted_genome_bam_NUJC8:GTCGTAATCAACTCTTx,mt4Rf
possorted_genome_bam_NUJC8:GTGGGTCAGACTTGAAx,mt4Rf
possorted_genome_bam_NUJC8:GTGTTAGAGGTTCCTAx,mt4Rf
possorted_genome_bam_NUJC8:GTCTCGTTCTCCTATAx,mt4Rf
possorted_genome_bam_NUJC8:GTGTGCGGTATATCCGx,mt4Rf
possorted_genome_bam_NUJC8:GTCTCGTGTCTCTCGTx,mt4Rf
possorted_genome_bam_NUJC8:GTGCGGTGTGCTCTTCx,mt4Rf
possorted_genome_bam_NUJC8:GTTAAGCAGCAGACTGx,mt4Rf
possorted_genome_bam_NUJC8:GTGAAGGTCGTCCGTTx,mt4Rf
possorted_genome_bam_NUJC8:GTCTCGTGTTCTGGTAx,mt4Rf
possorted_genome_bam_NUJC8:GTCTTCGCAAACAACAx,mt4Rf
possorted_genome_bam_NUJC8:GTGTGCGTCAGTGCATx,mt4Rf
possorted_genome_bam_NUJC8:GTGCATAGTATCTGCAx,mt4Rf
possorted_genome_bam_NUJC8:GTCTTCGAGTTGAGTAx,mt4Rf
possorted_genome_bam_NUJC8:GTCTTCGTCACTCTTAx,mt4Rf
possorted_genome_bam_NUJC8:GTCTCGTCACATCCGGx,mt4Rf
possorted_genome_bam_NUJC8:GTGGGTCCATGCATGTx,mt4Rf
possorted_genome_bam_NUJC8:GTCTTCGCAATCTGCAx,mt4Rf
possorted_genome_bam_NUJC8:GTGCGGTCACCAGTTAx,mt4Rf
possorted_genome_bam_NUJC8:GTGTGCGAGGCACATGx,mt4Rf
possorted_genome_bam_NUJC8:GTCTTCGAGATGTGTAx,mt4Rf
possorted_genome_bam_NUJC8:GTCTCGTTCTTGCATTx,mt4Rf
possorted_genome_bam_NUJC8:GTGCGGTAGAAACCATx,mt4Rf
possorted_genome_bam_NUJC8:GTGGGTCGTCACCCAGx,mt4Rf
possorted_genome_bam_NUJC8:GTCTTCGCACGCCAGTx,mt4Rf
possorted_genome_bam_NUJC8:GTGCTTCTCATTTGGGx,mt4Rf
possorted_genome_bam_NUJC8:GTGCAGCAGCAGGTCAx,mt4Rf
possorted_genome_bam_NUJC8:GTGCAGCCAGTCTTCCx,mt4Rf
possorted_genome_bam_NUJC8:GTGCTTCCAGTTAACCx,mt4Rf
possorted_genome_bam_NUJC8:GTGCGGTCAACGATCTx,mt4Rf
possorted_genome_bam_NUJC8:GTTCTCGGTCTTCTCGx,mt4Rf
possorted_genome_bam_NUJC8:TAAGCGTTCATAAAGGx,mt4Rf
possorted_genome_bam_NUJC8:GTTTCTAGTCGCGAAAx,mt4Rf
possorted_genome_bam_NUJC8:TAAACCGTCGTCTGAAx,mt4Rf
possorted_genome_bam_NUJC8:GTTCTCGCACAGTCGCx,mt4Rf
possorted_genome_bam_NUJC8:GTTAAGCTCTACTTACx,mt4Rf
possorted_genome_bam_NUJC8:GTTACAGAGAGAGCTCx,mt4Rf
possorted_genome_bam_NUJC8:TAAACCGAGTTATCGCx,mt4Rf
possorted_genome_bam_NUJC8:TAAGTGCAGCACCGCTx,mt4Rf
possorted_genome_bam_NUJC8:GTTACAGGTGGCCCTAx,mt4Rf
possorted_genome_bam_NUJC8:GTTCGGGTCGGAATCTx,mt4Rf
possorted_genome_bam_NUJC8:TAAACCGTCATTATCCx,mt4Rf
possorted_genome_bam_NUJC8:TAAGAGATCGTATCAGx,mt4Rf
possorted_genome_bam_NUJC8:GTTCTCGAGCCTATGTx,mt4Rf
possorted_genome_bam_NUJC8:GTTCTCGTCAACGGGAx,mt4Rf
possorted_genome_bam_NUJC8:TAAACCGAGTGGTAATx,mt4Rf
possorted_genome_bam_NUJC8:TAAGAGAAGAGAGCTCx,mt4Rf
possorted_genome_bam_NUJC8:GTTCATTGTTGGTAAAx,mt4Rf
possorted_genome_bam_NUJC8:TAAGAGAGTGACTCATx,mt4Rf
possorted_genome_bam_NUJC8:TAAGAGACACACGCTGx,mt4Rf
possorted_genome_bam_NUJC8:GTTCGGGTCGTCCAGGx,mt4Rf
possorted_genome_bam_NUJC8:TAAACCGGTCCATGATx,mt4Rf
possorted_genome_bam_NUJC8:GTTCGGGTCTGAGGGAx,mt4Rf
possorted_genome_bam_NUJC8:TAAGCGTCAAGTTGTCx,mt4Rf
possorted_genome_bam_NUJC8:TAAGTGCCACGCTTTCx,mt4Rf
possorted_genome_bam_NUJC8:TAAGAGACAAGTACCTx,mt4Rf
possorted_genome_bam_NUJC8:TAAGTGCCAACACCTAx,mt4Rf
possorted_genome_bam_NUJC8:GTTACAGGTGCCTGCAx,mt4Rf
possorted_genome_bam_NUJC8:GTTCATTTCGTCGTTCx,mt4Rf
possorted_genome_bam_NUJC8:TAAGCGTCAAAGAATCx,mt4Rf
possorted_genome_bam_NUJC8:GTTCATTTCACCCTCAx,mt4Rf
possorted_genome_bam_NUJC8:TACACGACACGCATCGx,mt4Rf
possorted_genome_bam_NUJC8:GTTACAGGTAAACGCGx,mt4Rf
possorted_genome_bam_NUJC8:TAAACCGCATAGGATAx,mt4Rf
possorted_genome_bam_NUJC8:GTTTCTAAGGTGCAACx,mt4Rf
possorted_genome_bam_NUJC8:TACACGACAGATAATGx,mt4Rf
possorted_genome_bam_NUJC8:GTTCGGGTCCGCATAAx,mt4Rf
possorted_genome_bam_NUJC8:GTTAAGCGTCTGGAGAx,mt4Rf
possorted_genome_bam_NUJC8:GTTCGGGAGGAGTTGCx,mt4Rf
possorted_genome_bam_NUJC8:GTTCATTCAATGACCTx,mt4Rf
possorted_genome_bam_NUJC8:TAAGAGATCATTGCGAx,mt4Rf
possorted_genome_bam_NUJC8:TAAACCGGTTCCACTCx,mt4Rf
possorted_genome_bam_NUJC8:GTTCTCGTCCACTCCAx,mt4Rf
possorted_genome_bam_NUJC8:GTTACAGCAACAACCTx,mt4Rf
possorted_genome_bam_NUJC8:TACACGAGTCAAAGATx,mt4Rf
possorted_genome_bam_NUJC8:TACACGACAGATGGGTx,mt4Rf
possorted_genome_bam_NUJC8:GTTCGGGAGACACGACx,mt4Rf
possorted_genome_bam_NUJC8:TAAGTGCTCATCGCTCx,mt4Rf
possorted_genome_bam_NUJC8:GTTCGGGAGCTGATAAx,mt4Rf
possorted_genome_bam_NUJC8:GTTCATTTCAGGCAAGx,mt4Rf
possorted_genome_bam_NUJC8:TAAGCGTAGCTTATCGx,mt4Rf
possorted_genome_bam_NUJC8:GTTACAGCAGGGTATGx,mt4Rf
possorted_genome_bam_NUJC8:TAAGAGAAGAACAATCx,mt4Rf
possorted_genome_bam_NUJC8:GTTCGGGAGTACATGAx,mt4Rf
possorted_genome_bam_NUJC8:GTTCTCGGTACCGCTGx,mt4Rf
possorted_genome_bam_NUJC8:TAAACCGCAACTTGACx,mt4Rf
possorted_genome_bam_NUJC8:TAAGCGTTCCGTACAAx,mt4Rf
possorted_genome_bam_NUJC8:TACACGACAAATCCGTx,mt4Rf
possorted_genome_bam_NUJC8:GTTCATTGTGAGTATAx,mt4Rf
possorted_genome_bam_NUJC8:GTTCGGGGTCGAGTTTx,mt4Rf
possorted_genome_bam_NUJC8:GTTACAGGTACAGACGx,mt4Rf
possorted_genome_bam_NUJC8:GTTCTCGAGAGGTTGCx,mt4Rf
possorted_genome_bam_NUJC8:GTTCATTCAGCCTTGGx,mt4Rf
possorted_genome_bam_NUJC8:GTTTCTATCGACGGAAx,mt4Rf
possorted_genome_bam_NUJC8:TACACGAAGGTGACCAx,mt4Rf
possorted_genome_bam_NUJC8:GTTACAGTCAACGAAAx,mt4Rf
possorted_genome_bam_NUJC8:GTTACAGGTGAGTATAx,mt4Rf
possorted_genome_bam_NUJC8:GTTTCTACAAACTGTCx,mt4Rf
possorted_genome_bam_NUJC8:GTTACAGAGCGTCAAGx,mt4Rf
possorted_genome_bam_NUJC8:TACACGAAGGGAAACAx,mt4Rf
possorted_genome_bam_NUJC8:TAAACCGCATTGGTACx,mt4Rf
possorted_genome_bam_NUJC8:GTTCATTAGAGGTAGAx,mt4Rf
possorted_genome_bam_NUJC8:GTTAAGCCAAACTGCTx,mt4Rf
possorted_genome_bam_NUJC8:TACACGAAGTTGTAGAx,mt4Rf
possorted_genome_bam_NUJC8:GTTCTCGGTCAGCTATx,mt4Rf
possorted_genome_bam_NUJC8:GTTTCTAGTACCGGCTx,mt4Rf
possorted_genome_bam_NUJC8:TACACGAAGTCATCCAx,mt4Rf
possorted_genome_bam_NUJC8:GTTACAGGTATAGGGCx,mt4Rf
possorted_genome_bam_NUJC8:TAAGTGCCAATTCCTTx,mt4Rf
possorted_genome_bam_NUJC8:TAAACCGCAGCGTAAGx,mt4Rf
possorted_genome_bam_NUJC8:GTTTCTAAGTCGTACTx,mt4Rf
possorted_genome_bam_NUJC8:GTTACAGCACGTCTCTx,mt4Rf
possorted_genome_bam_NUJC8:GTTACAGAGGGTCGATx,mt4Rf
possorted_genome_bam_NUJC8:TACACGACATCGTCGGx,mt4Rf
possorted_genome_bam_NUJC8:TAAGAGAAGTTCGCGCx,mt4Rf
possorted_genome_bam_NUJC8:TAAGAGATCTGTGCAAx,mt4Rf
possorted_genome_bam_NUJC8:GTTTCTACACCACGTGx,mt4Rf
possorted_genome_bam_NUJC8:GTTAAGCGTCAACTGTx,mt4Rf
possorted_genome_bam_NUJC8:TAAGCGTAGAGGTAGAx,mt4Rf
possorted_genome_bam_NUJC8:GTTAAGCGTAGCTAAAx,mt4Rf
possorted_genome_bam_NUJC8:GTTTCTATCCATGAACx,mt4Rf
possorted_genome_bam_NUJC8:GTTCATTAGGACGAAAx,mt4Rf
possorted_genome_bam_NUJC8:GTTTCTACACCGTTGGx,mt4Rf
possorted_genome_bam_NUJC8:GTTCTCGTCGTTTATCx,mt4Rf
possorted_genome_bam_NUJC8:GTTCGGGAGAAGAAGCx,mt4Rf
possorted_genome_bam_NUJC8:TACACGAGTACTTGACx,mt4Rf
possorted_genome_bam_NUJC8:TAAGCGTCACGGCGTTx,mt4Rf
possorted_genome_bam_NUJC8:TACTTGTAGATCCTGTx,mt4Rf
possorted_genome_bam_NUJC8:TACGGGCGTGCCTTGGx,mt4Rf
possorted_genome_bam_NUJC8:TACAGTGAGGAGCGTTx,mt4Rf
possorted_genome_bam_NUJC8:TACACGATCTTTACACx,mt4Rf
possorted_genome_bam_NUJC8:TACGGATTCGCTTAGAx,mt4Rf
possorted_genome_bam_NUJC8:TACTCATCACGCGAAAx,mt4Rf
possorted_genome_bam_NUJC8:TACACGATCTGCGTAAx,mt4Rf
possorted_genome_bam_NUJC8:TACCTTATCGTTACAGx,mt4Rf
possorted_genome_bam_NUJC8:TACAGTGTCGTTTATCx,mt4Rf
possorted_genome_bam_NUJC8:TACGGGCGTAGGCATGx,mt4Rf
possorted_genome_bam_NUJC8:TAGAGCTAGACGACGTx,mt4Rf
possorted_genome_bam_NUJC8:TACCTTACACCAGCACx,mt4Rf
possorted_genome_bam_NUJC8:TAGAGCTCACGCCAGTx,mt4Rf
possorted_genome_bam_NUJC8:TACGGGCTCCTTAATCx,mt4Rf
possorted_genome_bam_NUJC8:TACAGTGGTGCGATAGx,mt4Rf
possorted_genome_bam_NUJC8:TACCTTATCGGAATCTx,mt4Rf
possorted_genome_bam_NUJC8:TACAGTGGTATTCGTGx,mt4Rf
possorted_genome_bam_NUJC8:TACCTTAGTCACTGGCx,mt4Rf
possorted_genome_bam_NUJC8:TACTCGCTCGAACTGTx,mt4Rf
possorted_genome_bam_NUJC8:TACGGATAGTACGATAx,mt4Rf
possorted_genome_bam_NUJC8:TACTCATCATCCAACAx,mt4Rf
possorted_genome_bam_NUJC8:TACTCATCATGGGACAx,mt4Rf
possorted_genome_bam_NUJC8:TACCTTAAGACGCACAx,mt4Rf
possorted_genome_bam_NUJC8:TACGGGCTCTCAACTTx,mt4Rf
possorted_genome_bam_NUJC8:TACGGTACACAGAGGTx,mt4Rf
possorted_genome_bam_NUJC8:TACTCATTCGGAATCTx,mt4Rf
possorted_genome_bam_NUJC8:TACTTGTGTGGCGAATx,mt4Rf
possorted_genome_bam_NUJC8:TACCTATCAGCGTAAGx,mt4Rf
possorted_genome_bam_NUJC8:TACAGTGCAGTAGAGCx,mt4Rf
possorted_genome_bam_NUJC8:TACTCATAGTATTGGAx,mt4Rf
possorted_genome_bam_NUJC8:TACTTACTCTAGCACAx,mt4Rf
possorted_genome_bam_NUJC8:TACGGGCAGCAAATCAx,mt4Rf
possorted_genome_bam_NUJC8:TAGACCAGTAGAAAGGx,mt4Rf
possorted_genome_bam_NUJC8:TACTCATTCCAAACACx,mt4Rf
possorted_genome_bam_NUJC8:TACCTATTCAACGGGAx,mt4Rf
possorted_genome_bam_NUJC8:TACAGTGAGGAATTACx,mt4Rf
possorted_genome_bam_NUJC8:TACTTACAGAAACGCCx,mt4Rf
possorted_genome_bam_NUJC8:TACGGGCGTCTGATCAx,mt4Rf
possorted_genome_bam_NUJC8:TACCTTATCTCGAGTAx,mt4Rf
possorted_genome_bam_NUJC8:TAGAGCTCAGGCGATAx,mt4Rf
possorted_genome_bam_NUJC8:TACCTTAAGGTTCCTAx,mt4Rf
possorted_genome_bam_NUJC8:TACTTGTGTCCGTGACx,mt4Rf
possorted_genome_bam_NUJC8:TACCTATGTTAAGATGx,mt4Rf
possorted_genome_bam_NUJC8:TACTTACCATCGGACCx,mt4Rf
possorted_genome_bam_NUJC8:TAGAGCTGTTCAGCGCx,mt4Rf
possorted_genome_bam_NUJC8:TAGACCAGTGCCTTGGx,mt4Rf
possorted_genome_bam_NUJC8:TACTCGCCAGATGGCAx,mt4Rf
possorted_genome_bam_NUJC8:TACTCATTCACTGGGCx,mt4Rf
possorted_genome_bam_NUJC8:TACTTGTGTTGCCTCTx,mt4Rf
possorted_genome_bam_NUJC8:TACAGTGCAAACAACAx,mt4Rf
possorted_genome_bam_NUJC8:TACTCATAGAACAATCx,mt4Rf
possorted_genome_bam_NUJC8:TAGAGCTGTTCCACAAx,mt4Rf
possorted_genome_bam_NUJC8:TACCTATTCCGCAGTGx,mt4Rf
possorted_genome_bam_NUJC8:TACAGTGGTGATGCCCx,mt4Rf
possorted_genome_bam_NUJC8:TACTCATGTAGATTAGx,mt4Rf
possorted_genome_bam_NUJC8:TACCTATTCGAACTGTx,mt4Rf
possorted_genome_bam_NUJC8:TACCTATTCATTCACTx,mt4Rf
possorted_genome_bam_NUJC8:TACGGGCGTCGGCTCAx,mt4Rf
possorted_genome_bam_NUJC8:TACGGTACAGCCAATTx,mt4Rf
possorted_genome_bam_NUJC8:TACTCGCCAATCCAACx,mt4Rf
possorted_genome_bam_NUJC8:TACAGTGCACAAGACGx,mt4Rf
possorted_genome_bam_NUJC8:TACGGGCGTACTTGACx,mt4Rf
possorted_genome_bam_NUJC8:TACTTGTCAGGAATGCx,mt4Rf
possorted_genome_bam_NUJC8:TACGGTATCACCTTATx,mt4Rf
possorted_genome_bam_NUJC8:TAGACCATCTACCTGCx,mt4Rf
possorted_genome_bam_NUJC8:TAGAGCTCAAACCTACx,mt4Rf
possorted_genome_bam_NUJC8:TACTCATAGACTCGGAx,mt4Rf
possorted_genome_bam_NUJC8:TACGGGCTCGAGAACGx,mt4Rf
possorted_genome_bam_NUJC8:TACTCGCTCAATAAGGx,mt4Rf
possorted_genome_bam_NUJC8:TAGACCATCCCATTATx,mt4Rf
possorted_genome_bam_NUJC8:TACGGTATCCTCAATTx,mt4Rf
possorted_genome_bam_NUJC8:TAGACCACACGGATAGx,mt4Rf
possorted_genome_bam_NUJC8:TACTCATGTCGCGGTTx,mt4Rf
possorted_genome_bam_NUJC8:TACCTATGTAACGACGx,mt4Rf
possorted_genome_bam_NUJC8:TACAGTGTCCGTAGGCx,mt4Rf
possorted_genome_bam_NUJC8:TACGGGCTCCTCGCATx,mt4Rf
possorted_genome_bam_NUJC8:TACTCATAGAGGTTATx,mt4Rf
possorted_genome_bam_NUJC8:TACCTTAGTAGCTCCGx,mt4Rf
possorted_genome_bam_NUJC8:TACTTGTAGAGGACGGx,mt4Rf
possorted_genome_bam_NUJC8:TACCTATCAGGGTATGx,mt4Rf
possorted_genome_bam_NUJC8:TACCTATTCTCGTATTx,mt4Rf
possorted_genome_bam_NUJC8:TACCTTAAGTTAGCGGx,mt4Rf
possorted_genome_bam_NUJC8:TACCTATGTCTTGCGGx,mt4Rf
possorted_genome_bam_NUJC8:TACGGATAGCTTCGCGx,mt4Rf
possorted_genome_bam_NUJC8:TACGGATTCTTGCAAGx,mt4Rf
possorted_genome_bam_NUJC8:TACACGATCAAACCACx,mt4Rf
possorted_genome_bam_NUJC8:TACAGTGTCAATAAGGx,mt4Rf
possorted_genome_bam_NUJC8:TACTCGCCATCCCACTx,mt4Rf
possorted_genome_bam_NUJC8:TACGGTATCCTATGTTx,mt4Rf
possorted_genome_bam_NUJC8:TACCTTACACCAGGTCx,mt4Rf
possorted_genome_bam_NUJC8:TAGAGCTTCAGTACGTx,mt4Rf
possorted_genome_bam_NUJC8:TACCTATGTTGAGGTGx,mt4Rf
possorted_genome_bam_NUJC8:TAGACCATCAGTGTTGx,mt4Rf
possorted_genome_bam_NUJC8:TAGAGCTCATGAGCGAx,mt4Rf
possorted_genome_bam_NUJC8:TACCTATCATGCTGGCx,mt4Rf
possorted_genome_bam_NUJC8:TACGGATCAGCTTCGGx,mt4Rf
possorted_genome_bam_NUJC8:TACTCGCTCGAATGCTx,mt4Rf
possorted_genome_bam_NUJC8:TAGAGCTTCCTTTCGGx,mt4Rf
possorted_genome_bam_NUJC8:TATTACCAGGCTCTTAx,mt4Rf
possorted_genome_bam_NUJC8:TCAATCTAGCTTATCGx,mt4Rf
possorted_genome_bam_NUJC8:TATGCCCTCAACACTGx,mt4Rf
possorted_genome_bam_NUJC8:TATGCCCTCAGTACGTx,mt4Rf
possorted_genome_bam_NUJC8:TAGAGCTTCGATGAGGx,mt4Rf
possorted_genome_bam_NUJC8:TCAATCTGTCAAAGCGx,mt4Rf
possorted_genome_bam_NUJC8:TATTACCTCCAAACTGx,mt4Rf
possorted_genome_bam_NUJC8:TAGTGGTGTGACTCATx,mt4Rf
possorted_genome_bam_NUJC8:TATCTCAGTTCAGCGCx,mt4Rf
possorted_genome_bam_NUJC8:TAGGCATAGTGGAGAAx,mt4Rf
possorted_genome_bam_NUJC8:TAGTTGGGTTGTCGCGx,mt4Rf
possorted_genome_bam_NUJC8:TAGTTGGTCTGACCTCx,mt4Rf
possorted_genome_bam_NUJC8:TATTACCCAGTCACTAx,mt4Rf
possorted_genome_bam_NUJC8:TATCTCAAGGCGTACAx,mt4Rf
possorted_genome_bam_NUJC8:TATCTCAGTGTTAAGAx,mt4Rf
possorted_genome_bam_NUJC8:TAGTTGGTCTATCCCGx,mt4Rf
possorted_genome_bam_NUJC8:TAGTGGTAGACAAGCCx,mt4Rf
possorted_genome_bam_NUJC8:TCAACGAGTTCCACAAx,mt4Rf
possorted_genome_bam_NUJC8:TATTACCGTACCGAGAx,mt4Rf
possorted_genome_bam_NUJC8:TATGCCCAGTGGACGTx,mt4Rf
possorted_genome_bam_NUJC8:TAGTTGGTCACTCCTGx,mt4Rf
possorted_genome_bam_NUJC8:TATCAGGCACCGAAAGx,mt4Rf
possorted_genome_bam_NUJC8:TAGCCGGAGATAGCATx,mt4Rf
possorted_genome_bam_NUJC8:TAGGCATGTTACAGAAx,mt4Rf
possorted_genome_bam_NUJC8:TATTACCCAAGGCTCCx,mt4Rf
possorted_genome_bam_NUJC8:TATCTCAAGCGTAATAx,mt4Rf
possorted_genome_bam_NUJC8:TAGTGGTCAGTGACAGx,mt4Rf
possorted_genome_bam_NUJC8:TAGGCATCAGGATTGGx,mt4Rf
possorted_genome_bam_NUJC8:TAGGCATAGTGTTTGCx,mt4Rf
possorted_genome_bam_NUJC8:TATGCCCAGCCACGTCx,mt4Rf
possorted_genome_bam_NUJC8:TCAACGACACAAGTAAx,mt4Rf
possorted_genome_bam_NUJC8:TAGCCGGAGCCCTAATx,mt4Rf
possorted_genome_bam_NUJC8:TAGCCGGAGTGTCCATx,mt4Rf
possorted_genome_bam_NUJC8:TAGAGCTTCGTGGGAAx,mt4Rf
possorted_genome_bam_NUJC8:TATCAGGCACGAGGTAx,mt4Rf
possorted_genome_bam_NUJC8:TATGCCCAGATAGTCAx,mt4Rf
possorted_genome_bam_NUJC8:TCAATCTCAAACCTACx,mt4Rf
possorted_genome_bam_NUJC8:TAGCCGGCAAACGTGGx,mt4Rf
possorted_genome_bam_NUJC8:TAGTGGTTCTCTTGATx,mt4Rf
possorted_genome_bam_NUJC8:TCAACGACATGTCGATx,mt4Rf
possorted_genome_bam_NUJC8:TATTACCGTCCATCCTx,mt4Rf
possorted_genome_bam_NUJC8:TATCAGGCACCCAGTGx,mt4Rf
possorted_genome_bam_NUJC8:TATCAGGAGGGTGTGTx,mt4Rf
possorted_genome_bam_NUJC8:TCAATCTGTACTTCTTx,mt4Rf
possorted_genome_bam_NUJC8:TCAACGATCCAGTAGTx,mt4Rf
possorted_genome_bam_NUJC8:TAGCCGGGTCGAGTTTx,mt4Rf
possorted_genome_bam_NUJC8:TCAATCTCATGCTAGTx,mt4Rf
possorted_genome_bam_NUJC8:TAGGCATCAGGACCCTx,mt4Rf
possorted_genome_bam_NUJC8:TAGGCATGTAAGTTCCx,mt4Rf
possorted_genome_bam_NUJC8:TAGGCATCACCGCTAGx,mt4Rf
possorted_genome_bam_NUJC8:TAGGCATGTTTCCACCx,mt4Rf
possorted_genome_bam_NUJC8:TATGCCCAGCTAGCCCx,mt4Rf
possorted_genome_bam_NUJC8:TAGTTGGCAAGGCTCCx,mt4Rf
possorted_genome_bam_NUJC8:TAGGCATGTTCAGCGCx,mt4Rf
possorted_genome_bam_NUJC8:TAGTTGGGTCTGGAGAx,mt4Rf
possorted_genome_bam_NUJC8:TCAATCTAGTAGTGCGx,mt4Rf
possorted_genome_bam_NUJC8:TAGTTGGAGTATTGGAx,mt4Rf
possorted_genome_bam_NUJC8:TATCAGGGTAGCGCAAx,mt4Rf
possorted_genome_bam_NUJC8:TATTACCGTCTCGTTCx,mt4Rf
possorted_genome_bam_NUJC8:TATGCCCTCTCTTGATx,mt4Rf
possorted_genome_bam_NUJC8:TAGTGGTAGTATTGGAx,mt4Rf
possorted_genome_bam_NUJC8:TAGCCGGAGCGTTTACx,mt4Rf
possorted_genome_bam_NUJC8:TAGCCGGTCACTCCTGx,mt4Rf
possorted_genome_bam_NUJC8:TATTACCTCCGTCATCx,mt4Rf
possorted_genome_bam_NUJC8:TCAATCTTCATAACCGx,mt4Rf
possorted_genome_bam_NUJC8:TATCAGGAGCCCAACCx,mt4Rf
possorted_genome_bam_NUJC8:TATCAGGTCAGCTGGCx,mt4Rf
possorted_genome_bam_NUJC8:TCAACGACACCCATTCx,mt4Rf
possorted_genome_bam_NUJC8:TCAACGACAGTGACAGx,mt4Rf
possorted_genome_bam_NUJC8:TATCTCACATCCGTGGx,mt4Rf
possorted_genome_bam_NUJC8:TAGTGGTGTAAATGACx,mt4Rf
possorted_genome_bam_NUJC8:TCAACGAGTCTTTCATx,mt4Rf
possorted_genome_bam_NUJC8:TAGGCATTCCCACTTGx,mt4Rf
possorted_genome_bam_NUJC8:TCAACGAAGAAACGAGx,mt4Rf
possorted_genome_bam_NUJC8:TAGTGGTAGCCGTCGTx,mt4Rf
possorted_genome_bam_NUJC8:TATGCCCTCACCCGAGx,mt4Rf
possorted_genome_bam_NUJC8:TATTACCCATAGAAACx,mt4Rf
possorted_genome_bam_NUJC8:TAGTGGTGTAAAGTCAx,mt4Rf
possorted_genome_bam_NUJC8:TATCTCAAGGATGGAAx,mt4Rf
possorted_genome_bam_NUJC8:TATTACCTCAGCCTAAx,mt4Rf
possorted_genome_bam_NUJC8:TCAACGATCGCCTGTTx,mt4Rf
possorted_genome_bam_NUJC8:TAGGCATTCGTCCAGGx,mt4Rf
possorted_genome_bam_NUJC8:TATCAGGCACATGTGTx,mt4Rf
possorted_genome_bam_NUJC8:TAGGCATGTTGTGGAGx,mt4Rf
possorted_genome_bam_NUJC8:TATCTCACAAAGGAAGx,mt4Rf
possorted_genome_bam_NUJC8:TAGCCGGGTCGTTGTAx,mt4Rf
possorted_genome_bam_NUJC8:TAGTGGTCAGCATGAGx,mt4Rf
possorted_genome_bam_NUJC8:TAGTGGTCAGTATGCTx,mt4Rf
possorted_genome_bam_NUJC8:TATCTCAAGTCGATAAx,mt4Rf
possorted_genome_bam_NUJC8:TATTACCAGTACGATAx,mt4Rf
possorted_genome_bam_NUJC8:TATCTCAGTGGCAAACx,mt4Rf
possorted_genome_bam_NUJC8:TATCTCACACTGCCAGx,mt4Rf
possorted_genome_bam_NUJC8:TCAATCTCAGGTGCCTx,mt4Rf
possorted_genome_bam_NUJC8:TAGCCGGCACGTAAGGx,mt4Rf
possorted_genome_bam_NUJC8:TATTACCGTCGGGTCTx,mt4Rf
possorted_genome_bam_NUJC8:TAGTTGGAGATGTAACx,mt4Rf
possorted_genome_bam_NUJC8:TAGTGGTCAAGAAGAGx,mt4Rf
possorted_genome_bam_NUJC8:TAGCCGGGTAATCGTCx,mt4Rf
possorted_genome_bam_NUJC8:TATCTCACAAGAAGAGx,mt4Rf
possorted_genome_bam_NUJC8:TCCCGATAGAAACGAGx,mt4Rf
possorted_genome_bam_NUJC8:TCATTACCAGACACTTx,mt4Rf
possorted_genome_bam_NUJC8:TCGAGGCAGTACGTTCx,mt4Rf
possorted_genome_bam_NUJC8:TCACAAGCATGGAATAx,mt4Rf
possorted_genome_bam_NUJC8:TCATTTGTCTTACCTAx,mt4Rf
possorted_genome_bam_NUJC8:TCAGCTCGTAAGGATTx,mt4Rf
possorted_genome_bam_NUJC8:TCCACACCACCTATCCx,mt4Rf
possorted_genome_bam_NUJC8:TCAGCAAGTGACCAAGx,mt4Rf
possorted_genome_bam_NUJC8:TCACAAGGTACGCTGCx,mt4Rf
possorted_genome_bam_NUJC8:TCAGCAAAGCCAGGATx,mt4Rf
possorted_genome_bam_NUJC8:TCATTACCACTTAACGx,mt4Rf
possorted_genome_bam_NUJC8:TCCACACCAGGTGCCTx,mt4Rf
possorted_genome_bam_NUJC8:TCACGAACAAGTAGTAx,mt4Rf
possorted_genome_bam_NUJC8:TCAGATGCAGGGTTAGx,mt4Rf
possorted_genome_bam_NUJC8:TCATTTGGTCAGAATAx,mt4Rf
possorted_genome_bam_NUJC8:TCACGAATCAGTCCCTx,mt4Rf
possorted_genome_bam_NUJC8:TCGCGTTGTAGCTTGTx,mt4Rf
possorted_genome_bam_NUJC8:TCATTACTCGCCAGCAx,mt4Rf
possorted_genome_bam_NUJC8:TCAGGTATCTGCTGCTx,mt4Rf
possorted_genome_bam_NUJC8:TCCCGATAGTCTCAACx,mt4Rf
possorted_genome_bam_NUJC8:TCCACACTCCTGTAGAx,mt4Rf
possorted_genome_bam_NUJC8:TCAGGATTCTCCGGTTx,mt4Rf
possorted_genome_bam_NUJC8:TCACAAGCATTAGGCTx,mt4Rf
possorted_genome_bam_NUJC8:TCGAGGCCACGACTCGx,mt4Rf
possorted_genome_bam_NUJC8:TCAGGTAGTCCTAGCGx,mt4Rf
possorted_genome_bam_NUJC8:TCACAAGAGTAAGTACx,mt4Rf
possorted_genome_bam_NUJC8:TCCACACGTACGAAATx,mt4Rf
possorted_genome_bam_NUJC8:TCAGGTAAGTATGACAx,mt4Rf
possorted_genome_bam_NUJC8:TCACAAGGTCAGAAGCx,mt4Rf
possorted_genome_bam_NUJC8:TCAGGATTCTCTGCTGx,mt4Rf
possorted_genome_bam_NUJC8:TCAGATGAGGAGCGAGx,mt4Rf
possorted_genome_bam_NUJC8:TCATTACCACAGAGGTx,mt4Rf
possorted_genome_bam_NUJC8:TCCACACTCGGTCCGAx,mt4Rf
possorted_genome_bam_NUJC8:TCCCGATCACAGGAGTx,mt4Rf
possorted_genome_bam_NUJC8:TCAGATGGTGTCAATCx,mt4Rf
possorted_genome_bam_NUJC8:TCATTACGTACAGTGGx,mt4Rf
possorted_genome_bam_NUJC8:TCACGAATCCTTGACCx,mt4Rf
possorted_genome_bam_NUJC8:TCGAGGCTCAAGCCTAx,mt4Rf
possorted_genome_bam_NUJC8:TCACAAGCAGATAATGx,mt4Rf
possorted_genome_bam_NUJC8:TCATTACAGACCGGATx,mt4Rf
possorted_genome_bam_NUJC8:TCACAAGAGCGTCAAGx,mt4Rf
possorted_genome_bam_NUJC8:TCAGCTCTCTTAACCTx,mt4Rf
possorted_genome_bam_NUJC8:TCCCGATAGGTGATATx,mt4Rf
possorted_genome_bam_NUJC8:TCATTACCACATGGGAx,mt4Rf
possorted_genome_bam_NUJC8:TCCCGATGTTACGTCAx,mt4Rf
possorted_genome_bam_NUJC8:TCGCGAGGTGGCGAATx,mt4Rf
possorted_genome_bam_NUJC8:TCGAGGCTCAAGGCTTx,mt4Rf
possorted_genome_bam_NUJC8:TCAGGATAGACTCGGAx,mt4Rf
possorted_genome_bam_NUJC8:TCATTACAGTGAAGAGx,mt4Rf
possorted_genome_bam_NUJC8:TCCACACTCTATCGCCx,mt4Rf
possorted_genome_bam_NUJC8:TCCCGATTCGACGGAAx,mt4Rf
possorted_genome_bam_NUJC8:TCCACACTCACTATTCx,mt4Rf
possorted_genome_bam_NUJC8:TCACAAGAGCGATATAx,mt4Rf
possorted_genome_bam_NUJC8:TCGAGGCAGGTGCTTTx,mt4Rf
possorted_genome_bam_NUJC8:TCGAGGCCAGATGGGTx,mt4Rf
possorted_genome_bam_NUJC8:TCAGCTCGTGACTCATx,mt4Rf
possorted_genome_bam_NUJC8:TCGCGTTAGCTGCAAGx,mt4Rf
possorted_genome_bam_NUJC8:TCAGGTATCATAAAGGx,mt4Rf
possorted_genome_bam_NUJC8:TCAGATGGTTTGCATGx,mt4Rf
possorted_genome_bam_NUJC8:TCATTTGGTTACGCGCx,mt4Rf
possorted_genome_bam_NUJC8:TCGCGAGCATGACGGAx,mt4Rf
possorted_genome_bam_NUJC8:TCAGGATTCCTTGCCAx,mt4Rf
possorted_genome_bam_NUJC8:TCACGAAGTGGGTCAAx,mt4Rf
possorted_genome_bam_NUJC8:TCATTACGTAAACACAx,mt4Rf
possorted_genome_bam_NUJC8:TCCCGATCAAGAGGCTx,mt4Rf
possorted_genome_bam_NUJC8:TCAGCAACAGACGCAAx,mt4Rf
possorted_genome_bam_NUJC8:TCGCGTTAGTAAGTACx,mt4Rf
possorted_genome_bam_NUJC8:TCAGCAACACCCATTCx,mt4Rf
possorted_genome_bam_NUJC8:TCAGGATAGCCAGGATx,mt4Rf
possorted_genome_bam_NUJC8:TCGAGGCCAGGTCGTCx,mt4Rf
possorted_genome_bam_NUJC8:TCGAGGCGTTACCAGTx,mt4Rf
possorted_genome_bam_NUJC8:TCACGAACAATAGCAAx,mt4Rf
possorted_genome_bam_NUJC8:TCGAGGCTCGAGCCCAx,mt4Rf
possorted_genome_bam_NUJC8:TCGCGTTAGCCATCGCx,mt4Rf
possorted_genome_bam_NUJC8:TCATTTGAGATGTGTAx,mt4Rf
possorted_genome_bam_NUJC8:TCACGAATCACGAAGGx,mt4Rf
possorted_genome_bam_NUJC8:TCAGCAAGTTCAGCGCx,mt4Rf
possorted_genome_bam_NUJC8:TCAGCAACACCCATGGx,mt4Rf
possorted_genome_bam_NUJC8:TCGCGAGAGCGAAGGGx,mt4Rf
possorted_genome_bam_NUJC8:TCATTACAGAGCCCAAx,mt4Rf
possorted_genome_bam_NUJC8:TCACGAATCACCTCGTx,mt4Rf
possorted_genome_bam_NUJC8:TCCACACTCACTTATCx,mt4Rf
possorted_genome_bam_NUJC8:TCCACACAGTTTGCGTx,mt4Rf
possorted_genome_bam_NUJC8:TCATTACCACCTATCCx,mt4Rf
possorted_genome_bam_NUJC8:TCACGAACAGGCGATAx,mt4Rf
possorted_genome_bam_NUJC8:TCACAAGCAGTAACGGx,mt4Rf
possorted_genome_bam_NUJC8:TCAGCAATCGGATGTTx,mt4Rf
possorted_genome_bam_NUJC8:TCATTTGTCTGGTGTAx,mt4Rf
possorted_genome_bam_NUJC8:TCACGAAAGACAAGCCx,mt4Rf
possorted_genome_bam_NUJC8:TCAGATGTCCCATTATx,mt4Rf
possorted_genome_bam_NUJC8:TCAGGATTCATGCATGx,mt4Rf
possorted_genome_bam_NUJC8:TCACAAGTCTCTAGGAx,mt4Rf
possorted_genome_bam_NUJC8:TCGCGAGGTCAAACTCx,mt4Rf
possorted_genome_bam_NUJC8:TCAGCTCCACAGGAGTx,mt4Rf
possorted_genome_bam_NUJC8:TCAGGATTCTAACTGGx,mt4Rf
possorted_genome_bam_NUJC8:TCAGCTCCAACACCCGx,mt4Rf
possorted_genome_bam_NUJC8:TGAAAGATCAGTGTTGx,mt4Rf
possorted_genome_bam_NUJC8:TCTGGAAAGCCCGAAAx,mt4Rf
possorted_genome_bam_NUJC8:TCGGTAATCTTGGGTAx,mt4Rf
possorted_genome_bam_NUJC8:TCTGAGATCCCAAGTAx,mt4Rf
possorted_genome_bam_NUJC8:TCGCGTTGTCTCTCGTx,mt4Rf
possorted_genome_bam_NUJC8:TCTCTAAAGAAGGACAx,mt4Rf
possorted_genome_bam_NUJC8:TCGGGACCAAACTGCTx,mt4Rf
possorted_genome_bam_NUJC8:TCGTAGAAGGCATGGTx,mt4Rf
possorted_genome_bam_NUJC8:TCGTAGATCGAATGGGx,mt4Rf
possorted_genome_bam_NUJC8:TCTTCGGGTATCAGTCx,mt4Rf
possorted_genome_bam_NUJC8:TCTATTGCACCTCGTTx,mt4Rf
possorted_genome_bam_NUJC8:TGAAAGACACGACTCGx,mt4Rf
possorted_genome_bam_NUJC8:TCTCTAACATGGGACAx,mt4Rf
possorted_genome_bam_NUJC8:TCTGAGACAATGCCATx,mt4Rf
possorted_genome_bam_NUJC8:TCTGAGAAGCCTATGTx,mt4Rf
possorted_genome_bam_NUJC8:TCTGAGAGTTGGTAAAx,mt4Rf
possorted_genome_bam_NUJC8:TCGTACCGTTCCACAAx,mt4Rf
possorted_genome_bam_NUJC8:TGAAAGACACCGTTGGx,mt4Rf
possorted_genome_bam_NUJC8:TGAAAGAGTCGCCATGx,mt4Rf
possorted_genome_bam_NUJC8:TCTTCGGAGGCCCGTTx,mt4Rf
possorted_genome_bam_NUJC8:TCGGTAAGTCAGAGGTx,mt4Rf
possorted_genome_bam_NUJC8:TCGGTAACATTCTTACx,mt4Rf
possorted_genome_bam_NUJC8:TCTTTCCTCTGCGTAAx,mt4Rf
possorted_genome_bam_NUJC8:TGAAAGAAGCTCCCAGx,mt4Rf
possorted_genome_bam_NUJC8:TGAAAGACAAGCTGAGx,mt4Rf
possorted_genome_bam_NUJC8:TCGTAGAAGACATAACx,mt4Rf
possorted_genome_bam_NUJC8:TCTCATAGTACAGCAGx,mt4Rf
possorted_genome_bam_NUJC8:TCTTCGGTCAGCTTAGx,mt4Rf
possorted_genome_bam_NUJC8:TCTGGAACAGCTTCGGx,mt4Rf
possorted_genome_bam_NUJC8:TCTCTAACATAGTAAGx,mt4Rf
possorted_genome_bam_NUJC8:TCGGGACGTGCAGGTAx,mt4Rf
possorted_genome_bam_NUJC8:TCGTACCAGAATCTCCx,mt4Rf
possorted_genome_bam_NUJC8:TCTTCGGCATAGGATAx,mt4Rf
possorted_genome_bam_NUJC8:TCTTTCCAGCAGCGTAx,mt4Rf
possorted_genome_bam_NUJC8:TCTGAGATCTCCTATAx,mt4Rf
possorted_genome_bam_NUJC8:TCGTAGAAGTAACCCTx,mt4Rf
possorted_genome_bam_NUJC8:TCTATTGGTACATGTCx,mt4Rf
possorted_genome_bam_NUJC8:TCTCATAGTGCATCTAx,mt4Rf
possorted_genome_bam_NUJC8:TCTCTAACAGCTTCGGx,mt4Rf
possorted_genome_bam_NUJC8:TCTCTAAAGAGCCCAAx,mt4Rf
possorted_genome_bam_NUJC8:TCTCTAAAGGTAGCCAx,mt4Rf
possorted_genome_bam_NUJC8:TCGTACCCATTATCTCx,mt4Rf
possorted_genome_bam_NUJC8:TCTGAGATCGGCTACGx,mt4Rf
possorted_genome_bam_NUJC8:TCTATTGAGCTAAACAx,mt4Rf
possorted_genome_bam_NUJC8:TCTGAGAAGTTGTCGTx,mt4Rf
possorted_genome_bam_NUJC8:TCTTTCCAGGCTACGAx,mt4Rf
possorted_genome_bam_NUJC8:TCGGTAATCGTTGCCTx,mt4Rf
possorted_genome_bam_NUJC8:TCTCTAACACACCGCAx,mt4Rf
possorted_genome_bam_NUJC8:TCTGAGACACCTATCCx,mt4Rf
possorted_genome_bam_NUJC8:TCTCATAGTGAGGGTTx,mt4Rf
possorted_genome_bam_NUJC8:TCTGGAAGTTCCGGCAx,mt4Rf
possorted_genome_bam_NUJC8:TCGGTAACATCTCCCAx,mt4Rf
possorted_genome_bam_NUJC8:TCGTACCAGCAAATCAx,mt4Rf
possorted_genome_bam_NUJC8:TCGTAGAGTCGATTGTx,mt4Rf
possorted_genome_bam_NUJC8:TCTGAGATCTCCCTGAx,mt4Rf
possorted_genome_bam_NUJC8:TCGTACCAGCGTCAAGx,mt4Rf
possorted_genome_bam_NUJC8:TCGCGTTGTCGAACAGx,mt4Rf
possorted_genome_bam_NUJC8:TCTCTAACAATCACACx,mt4Rf
possorted_genome_bam_NUJC8:TCTGGAAAGCCATCGCx,mt4Rf
possorted_genome_bam_NUJC8:TCTTTCCAGCCATCGCx,mt4Rf
possorted_genome_bam_NUJC8:TCTGGAAGTGGTTTCAx,mt4Rf
possorted_genome_bam_NUJC8:TCTCATATCGTAGGAGx,mt4Rf
possorted_genome_bam_NUJC8:TCTTTCCGTCTGATTGx,mt4Rf
possorted_genome_bam_NUJC8:TCTGAGAGTATATCCGx,mt4Rf
possorted_genome_bam_NUJC8:TGAAAGATCAATACCGx,mt4Rf
possorted_genome_bam_NUJC8:TCTTTCCGTAAATGTGx,mt4Rf
possorted_genome_bam_NUJC8:TCTTTCCTCCACGACGx,mt4Rf
possorted_genome_bam_NUJC8:TGAAAGAAGGTGATTAx,mt4Rf
possorted_genome_bam_NUJC8:TCGTAGAAGCAGGCTAx,mt4Rf
possorted_genome_bam_NUJC8:TCTTCGGGTACGCACCx,mt4Rf
possorted_genome_bam_NUJC8:TCGGGACAGCTTCGCGx,mt4Rf
possorted_genome_bam_NUJC8:TCTGGAACACTCTGTCx,mt4Rf
possorted_genome_bam_NUJC8:TCTTTCCGTGAAAGAGx,mt4Rf
possorted_genome_bam_NUJC8:TCGCGTTGTTCGTCTCx,mt4Rf
possorted_genome_bam_NUJC8:TCGGTAACAGGATCGAx,mt4Rf
possorted_genome_bam_NUJC8:TCTCTAATCATCGATGx,mt4Rf
possorted_genome_bam_NUJC8:TCGTAGATCGACCAGCx,mt4Rf
possorted_genome_bam_NUJC8:TCTATTGCATTCGACAx,mt4Rf
possorted_genome_bam_NUJC8:TCTGAGACATCACAACx,mt4Rf
possorted_genome_bam_NUJC8:TCGGTAACAGCCTTTCx,mt4Rf
possorted_genome_bam_NUJC8:TCTTTCCTCTTTAGGGx,mt4Rf
possorted_genome_bam_NUJC8:TCGTAGAAGAGTCGGTx,mt4Rf
possorted_genome_bam_NUJC8:TCTTTCCAGCTAGTTCx,mt4Rf
possorted_genome_bam_NUJC8:TCGTACCGTTGTACACx,mt4Rf
possorted_genome_bam_NUJC8:TCTATTGCAATACGCTx,mt4Rf
possorted_genome_bam_NUJC8:TCTGGAACACACGCTGx,mt4Rf
possorted_genome_bam_NUJC8:TCTTTCCGTACTTAGCx,mt4Rf
possorted_genome_bam_NUJC8:TCTTCGGTCTAGCACAx,mt4Rf
possorted_genome_bam_NUJC8:TCGGTAACAGCGTAAGx,mt4Rf
possorted_genome_bam_NUJC8:TCGGTAAGTAAACACAx,mt4Rf
possorted_genome_bam_NUJC8:TCTTCGGAGAGACTATx,mt4Rf
possorted_genome_bam_NUJC8:TCTGAGACAAACAACAx,mt4Rf
possorted_genome_bam_NUJC8:TCTTTCCAGCCCGAAAx,mt4Rf
possorted_genome_bam_NUJC8:TCTTCGGAGCTCTCGGx,mt4Rf
possorted_genome_bam_NUJC8:TCTCTAAGTTCGGCACx,mt4Rf
possorted_genome_bam_NUJC8:TCTCTAATCTATCGCCx,mt4Rf
possorted_genome_bam_NUJC8:TCGGTAAGTAGCGATGx,mt4Rf
possorted_genome_bam_NUJC8:TCTATTGGTCGAACAGx,mt4Rf
possorted_genome_bam_NUJC8:TCTTCGGGTGCGAAACx,mt4Rf
possorted_genome_bam_NUJC8:TGACTTTTCCGTCATCx,mt4Rf
possorted_genome_bam_NUJC8:TGCCAAAGTGCCTGGTx,mt4Rf
possorted_genome_bam_NUJC8:TGAGCATCAATCACACx,mt4Rf
possorted_genome_bam_NUJC8:TGACAACCACGGCTACx,mt4Rf
possorted_genome_bam_NUJC8:TGAGCATTCAAACCACx,mt4Rf
possorted_genome_bam_NUJC8:TGCCAAAGTTCGAATCx,mt4Rf
possorted_genome_bam_NUJC8:TGATTTCAGTTGTAGAx,mt4Rf
possorted_genome_bam_NUJC8:TGCCCTAAGATGCCTTx,mt4Rf
possorted_genome_bam_NUJC8:TGAGGGAGTAGGCATGx,mt4Rf
possorted_genome_bam_NUJC8:TGAGCATTCTCTGCTGx,mt4Rf
possorted_genome_bam_NUJC8:TGAGCCGTCGCCCTTAx,mt4Rf
possorted_genome_bam_NUJC8:TGATTTCAGAGCAATTx,mt4Rf
possorted_genome_bam_NUJC8:TGCCCATGTCAAAGCGx,mt4Rf
possorted_genome_bam_NUJC8:TGCACCTTCTCAAACGx,mt4Rf
possorted_genome_bam_NUJC8:TGACTAGAGATGCGACx,mt4Rf
possorted_genome_bam_NUJC8:TGAGCATTCACTTATCx,mt4Rf
possorted_genome_bam_NUJC8:TGAGCCGAGTCAATAGx,mt4Rf
possorted_genome_bam_NUJC8:TGACTTTCAAACCCATx,mt4Rf
possorted_genome_bam_NUJC8:TGACAACCAAAGGCGTx,mt4Rf
possorted_genome_bam_NUJC8:TGAGCCGCATAAAGGTx,mt4Rf
possorted_genome_bam_NUJC8:TGCCAAAGTATGAAACx,mt4Rf
possorted_genome_bam_NUJC8:TGCCAAATCACATACGx,mt4Rf
possorted_genome_bam_NUJC8:TGACGGCTCCGAAGAGx,mt4Rf
possorted_genome_bam_NUJC8:TGAGCATGTACCAGTTx,mt4Rf
possorted_genome_bam_NUJC8:TGACGGCCATGCCTAAx,mt4Rf
possorted_genome_bam_NUJC8:TGCACCTCAATCACACx,mt4Rf
possorted_genome_bam_NUJC8:TGATTTCCATTGCGGCx,mt4Rf
possorted_genome_bam_NUJC8:TGACAACAGTCCGGTCx,mt4Rf
possorted_genome_bam_NUJC8:TGAGAGGAGAGTGAGAx,mt4Rf
possorted_genome_bam_NUJC8:TGCCCATAGTTGCAGGx,mt4Rf
possorted_genome_bam_NUJC8:TGCCAAATCCAGTATGx,mt4Rf
possorted_genome_bam_NUJC8:TGAGAGGCATGTAGTCx,mt4Rf
possorted_genome_bam_NUJC8:TGACTTTTCCGAACGCx,mt4Rf
possorted_genome_bam_NUJC8:TGACGGCCATTCACTTx,mt4Rf
possorted_genome_bam_NUJC8:TGAGAGGAGTGTCCATx,mt4Rf
possorted_genome_bam_NUJC8:TGCCAAATCACCCGAGx,mt4Rf
possorted_genome_bam_NUJC8:TGATTTCCACCGATATx,mt4Rf
possorted_genome_bam_NUJC8:TGAGAGGAGCTAACAAx,mt4Rf
possorted_genome_bam_NUJC8:TGACTAGGTCACTGGCx,mt4Rf
possorted_genome_bam_NUJC8:TGAGAGGGTACCGAGAx,mt4Rf
possorted_genome_bam_NUJC8:TGAGGGAGTTCAGACTx,mt4Rf
possorted_genome_bam_NUJC8:TGAGCCGTCTCCAGGGx,mt4Rf
possorted_genome_bam_NUJC8:TGACTTTGTCTAAACCx,mt4Rf
possorted_genome_bam_NUJC8:TGACGGCAGAAACCTAx,mt4Rf
possorted_genome_bam_NUJC8:TGATTTCTCTCGCATCx,mt4Rf
possorted_genome_bam_NUJC8:TGACTTTTCGGTTAACx,mt4Rf
possorted_genome_bam_NUJC8:TGAAAGATCCACGTGGx,mt4Rf
possorted_genome_bam_NUJC8:TGAGAGGTCACCGGGTx,mt4Rf
possorted_genome_bam_NUJC8:TGCACCTAGGACCACAx,mt4Rf
possorted_genome_bam_NUJC8:TGACTTTGTTGCGCACx,mt4Rf
possorted_genome_bam_NUJC8:TGAGCCGTCTGGCGACx,mt4Rf
possorted_genome_bam_NUJC8:TGACAACGTCCTAGCGx,mt4Rf
possorted_genome_bam_NUJC8:TGAGCATTCGTCTGAAx,mt4Rf
possorted_genome_bam_NUJC8:TGAGAGGTCATGCATGx,mt4Rf
possorted_genome_bam_NUJC8:TGAAAGATCCGAACGCx,mt4Rf
possorted_genome_bam_NUJC8:TGAGCATCATCCTAGAx,mt4Rf
possorted_genome_bam_NUJC8:TGCCAAAGTCCTCCATx,mt4Rf
possorted_genome_bam_NUJC8:TGACGGCAGACTAGGCx,mt4Rf
possorted_genome_bam_NUJC8:TGATTTCTCAGCTCGGx,mt4Rf
possorted_genome_bam_NUJC8:TGAGCATTCTCGTTTAx,mt4Rf
possorted_genome_bam_NUJC8:TGATTTCTCGAATGCTx,mt4Rf
possorted_genome_bam_NUJC8:TGAGCCGTCTATCCTAx,mt4Rf
possorted_genome_bam_NUJC8:TGAGCATTCTACGAGTx,mt4Rf
possorted_genome_bam_NUJC8:TGAGAGGGTAAAGTCAx,mt4Rf
possorted_genome_bam_NUJC8:TGATTTCCAGCCTGTGx,mt4Rf
possorted_genome_bam_NUJC8:TGCCAAATCTTGTATCx,mt4Rf
possorted_genome_bam_NUJC8:TGACTAGTCAAGCCTAx,mt4Rf
possorted_genome_bam_NUJC8:TGACTTTCAGCTGTATx,mt4Rf
possorted_genome_bam_NUJC8:TGCCAAAGTGATGATAx,mt4Rf
possorted_genome_bam_NUJC8:TGAGAGGAGTACCGGAx,mt4Rf
possorted_genome_bam_NUJC8:TGAGCATCAACCGCCAx,mt4Rf
possorted_genome_bam_NUJC8:TGAGCATGTAGTAGTAx,mt4Rf
possorted_genome_bam_NUJC8:TGACAACAGGATTCGGx,mt4Rf
possorted_genome_bam_NUJC8:TGAGCATAGCTAGTCTx,mt4Rf
possorted_genome_bam_NUJC8:TGACAACAGGGTCGATx,mt4Rf
possorted_genome_bam_NUJC8:TGAGCCGGTTCTGTTTx,mt4Rf
possorted_genome_bam_NUJC8:TGATTTCTCACTATTCx,mt4Rf
possorted_genome_bam_NUJC8:TGATTTCCAGTTCCCTx,mt4Rf
possorted_genome_bam_NUJC8:TGACGGCTCACATAGCx,mt4Rf
possorted_genome_bam_NUJC8:TGACTAGGTAATAGCAx,mt4Rf
possorted_genome_bam_NUJC8:TGACTTTTCAGTCCCTx,mt4Rf
possorted_genome_bam_NUJC8:TGCCCATAGTACCGGAx,mt4Rf
possorted_genome_bam_NUJC8:TGCCCATTCGTCGTTCx,mt4Rf
possorted_genome_bam_NUJC8:TGACGGCCATAGGATAx,mt4Rf
possorted_genome_bam_NUJC8:TGAGCCGGTAATCGTCx,mt4Rf
possorted_genome_bam_NUJC8:TGAGAGGCATATGCTGx,mt4Rf
possorted_genome_bam_NUJC8:TGCACCTTCTAGAGTCx,mt4Rf
possorted_genome_bam_NUJC8:TGAAAGATCCTGCAGGx,mt4Rf
possorted_genome_bam_NUJC8:TGAGAGGCACCAACCGx,mt4Rf
possorted_genome_bam_NUJC8:TGCCAAATCAACGCTAx,mt4Rf
possorted_genome_bam_NUJC8:TGCCAAATCCGCGGTAx,mt4Rf
possorted_genome_bam_NUJC8:TGAGCCGTCCATTCTAx,mt4Rf
possorted_genome_bam_NUJC8:TGACGGCTCTGCGGCAx,mt4Rf
possorted_genome_bam_NUJC8:TGAGCCGTCTACCAGAx,mt4Rf
possorted_genome_bam_NUJC8:TGACAACAGCGCTTATx,mt4Rf
possorted_genome_bam_NUJC8:TGATTTCGTACTCTCCx,mt4Rf
possorted_genome_bam_NUJC8:TGAGCATAGACCTAGGx,mt4Rf
possorted_genome_bam_NUJC8:TGCCCTATCTTGTTTGx,mt4Rf
possorted_genome_bam_NUJC8:TGCTACCGTCTAACGTx,mt4Rf
possorted_genome_bam_NUJC8:TGCGCAGCAGGTGCCTx,mt4Rf
possorted_genome_bam_NUJC8:TGGGAAGGTGACCAAGx,mt4Rf
possorted_genome_bam_NUJC8:TGGGCGTCAAACGCGAx,mt4Rf
possorted_genome_bam_NUJC8:TGCTGCTCACGAAATAx,mt4Rf
possorted_genome_bam_NUJC8:TGGACGCCAATAGAGTx,mt4Rf
possorted_genome_bam_NUJC8:TGCTACCTCGGAATCTx,mt4Rf
possorted_genome_bam_NUJC8:TGCTACCTCGGTGTCGx,mt4Rf
possorted_genome_bam_NUJC8:TGCCCTATCAGTGTTGx,mt4Rf
possorted_genome_bam_NUJC8:TGCGCAGGTAATCGTCx,mt4Rf
possorted_genome_bam_NUJC8:TGGCTGGGTTACCAGTx,mt4Rf
possorted_genome_bam_NUJC8:TGCGCAGAGGACACCAx,mt4Rf
possorted_genome_bam_NUJC8:TGGACGCCATCCGTGGx,mt4Rf
possorted_genome_bam_NUJC8:TGCTGCTAGGCTATCTx,mt4Rf
possorted_genome_bam_NUJC8:TGGGAAGCAGCTCGCAx,mt4Rf
possorted_genome_bam_NUJC8:TGCGGGTAGCTATGCTx,mt4Rf
possorted_genome_bam_NUJC8:TGCGTGGCATCACAACx,mt4Rf
possorted_genome_bam_NUJC8:TGCTGCTAGAGCAATTx,mt4Rf
possorted_genome_bam_NUJC8:TGCGCAGCACATCCGGx,mt4Rf
possorted_genome_bam_NUJC8:TGCGTGGAGAATCTCCx,mt4Rf
possorted_genome_bam_NUJC8:TGCTACCGTACCAGTTx,mt4Rf
possorted_genome_bam_NUJC8:TGGCGCATCAGAAATGx,mt4Rf
possorted_genome_bam_NUJC8:TGCCCTAAGCCACTATx,mt4Rf
possorted_genome_bam_NUJC8:TGCTACCTCGCCAAATx,mt4Rf
possorted_genome_bam_NUJC8:TGGGAAGTCCTTTACAx,mt4Rf
possorted_genome_bam_NUJC8:TGGACGCAGGCATGTGx,mt4Rf
possorted_genome_bam_NUJC8:TGGCTGGAGCATCATCx,mt4Rf
possorted_genome_bam_NUJC8:TGGGCGTAGTTAAGTGx,mt4Rf
possorted_genome_bam_NUJC8:TGCGCAGGTCTTCTCGx,mt4Rf
possorted_genome_bam_NUJC8:TGGGCGTAGATGCCAGx,mt4Rf
possorted_genome_bam_NUJC8:TGCGTGGAGTACGATAx,mt4Rf
possorted_genome_bam_NUJC8:TGCGTGGCAAGTTCTGx,mt4Rf
possorted_genome_bam_NUJC8:TGCTGCTAGTGCAAGCx,mt4Rf
possorted_genome_bam_NUJC8:TGCCCTAAGCCTTGATx,mt4Rf
possorted_genome_bam_NUJC8:TGCGGGTTCTAACTTCx,mt4Rf
possorted_genome_bam_NUJC8:TGGCCAGGTCCGAATTx,mt4Rf
possorted_genome_bam_NUJC8:TGGGCGTAGTCTCAACx,mt4Rf
possorted_genome_bam_NUJC8:TGGCTGGTCCTTGCCAx,mt4Rf
possorted_genome_bam_NUJC8:TGGGCGTCAAGTTGTCx,mt4Rf
possorted_genome_bam_NUJC8:TGGCCAGGTGCAACTTx,mt4Rf
possorted_genome_bam_NUJC8:TGCGGGTTCTAACTCTx,mt4Rf
possorted_genome_bam_NUJC8:TGCGCAGGTATGCTTGx,mt4Rf
possorted_genome_bam_NUJC8:TGGCGCAGTCTCTTTAx,mt4Rf
possorted_genome_bam_NUJC8:TGGCGCATCCTTGACCx,mt4Rf
possorted_genome_bam_NUJC8:TGCTGCTCATAGAAACx,mt4Rf
possorted_genome_bam_NUJC8:TGGGAAGAGAGGTTATx,mt4Rf
possorted_genome_bam_NUJC8:TGCCCTAGTGTTAAGAx,mt4Rf
possorted_genome_bam_NUJC8:TGCGCAGAGGGTTTCTx,mt4Rf
possorted_genome_bam_NUJC8:TGGTTAGAGAAACCTAx,mt4Rf
possorted_genome_bam_NUJC8:TGGACGCAGCCGGTAAx,mt4Rf
possorted_genome_bam_NUJC8:TGCGCAGAGCACGCCTx,mt4Rf
possorted_genome_bam_NUJC8:TGGCCAGGTAGCACGAx,mt4Rf
possorted_genome_bam_NUJC8:TGCGCAGCAGGGTACAx,mt4Rf
possorted_genome_bam_NUJC8:TGCCCTATCCGTCAAAx,mt4Rf
possorted_genome_bam_NUJC8:TGGCTGGCATCCGTGGx,mt4Rf
possorted_genome_bam_NUJC8:TGGCCAGTCTCGCATCx,mt4Rf
possorted_genome_bam_NUJC8:TGGGAAGGTCACTGGCx,mt4Rf
possorted_genome_bam_NUJC8:TGCCCTATCCGCGCAAx,mt4Rf
possorted_genome_bam_NUJC8:TGGGCGTGTGTCTGATx,mt4Rf
possorted_genome_bam_NUJC8:TGCGGGTTCACAAACCx,mt4Rf
possorted_genome_bam_NUJC8:TGCTACCTCACTCCTGx,mt4Rf
possorted_genome_bam_NUJC8:TGCCCTAGTTACTGACx,mt4Rf
possorted_genome_bam_NUJC8:TGCTACCAGAGGTAGAx,mt4Rf
possorted_genome_bam_NUJC8:TGGCGCAGTTTGTGTGx,mt4Rf
possorted_genome_bam_NUJC8:TGGACGCAGGACATTAx,mt4Rf
possorted_genome_bam_NUJC8:TGGCCAGGTTCAGTACx,mt4Rf
possorted_genome_bam_NUJC8:TGCGGGTCATTCTCATx,mt4Rf
possorted_genome_bam_NUJC8:TGGACGCGTCGGATCCx,mt4Rf
possorted_genome_bam_NUJC8:TGCTACCGTAGCGTCCx,mt4Rf
possorted_genome_bam_NUJC8:TGCTGCTCATGAGCGAx,mt4Rf
possorted_genome_bam_NUJC8:TGGGCGTGTATGGTTCx,mt4Rf
possorted_genome_bam_NUJC8:TGGCGCAAGCGTAGTGx,mt4Rf
possorted_genome_bam_NUJC8:TGGCTGGCACGCATCGx,mt4Rf
possorted_genome_bam_NUJC8:TGGCTGGCAATTCCTTx,mt4Rf
possorted_genome_bam_NUJC8:TGCCCTAAGTTCGCATx,mt4Rf
possorted_genome_bam_NUJC8:TGGGCGTCATACAGCTx,mt4Rf
possorted_genome_bam_NUJC8:TGCGTGGAGTGAAGTTx,mt4Rf
possorted_genome_bam_NUJC8:TGCGGGTTCGCGTAGCx,mt4Rf
possorted_genome_bam_NUJC8:TGGACGCAGGTGTGGTx,mt4Rf
possorted_genome_bam_NUJC8:TGCGGGTCACAGGCCTx,mt4Rf
possorted_genome_bam_NUJC8:TGGGAAGGTGCTAGCCx,mt4Rf
possorted_genome_bam_NUJC8:TGCGGGTCAGTACACTx,mt4Rf
possorted_genome_bam_NUJC8:TGCGGGTAGCTGGAACx,mt4Rf
possorted_genome_bam_NUJC8:TGGCCAGGTGAAATCAx,mt4Rf
possorted_genome_bam_NUJC8:TGCGTGGCATGCTGGCx,mt4Rf
possorted_genome_bam_NUJC8:TGGGCGTAGAGGGATAx,mt4Rf
possorted_genome_bam_NUJC8:TGGGCGTTCCGCGGTAx,mt4Rf
possorted_genome_bam_NUJC8:TGCGTGGCAAGCTGGAx,mt4Rf
possorted_genome_bam_NUJC8:TGCGGGTAGGTGCACAx,mt4Rf
possorted_genome_bam_NUJC8:TGGCTGGAGTGGTAGCx,mt4Rf
possorted_genome_bam_NUJC8:TGCTGCTCATGCCCGAx,mt4Rf
possorted_genome_bam_NUJC8:TGGCTGGAGCATGGCAx,mt4Rf
possorted_genome_bam_NUJC8:TGGGAAGTCCAGAAGGx,mt4Rf
possorted_genome_bam_NUJC8:TGGGAAGAGTTGTAGAx,mt4Rf
possorted_genome_bam_NUJC8:TGCGCAGAGCTCTCGGx,mt4Rf
possorted_genome_bam_NUJC8:TGGCGCATCTCCGGTTx,mt4Rf
possorted_genome_bam_NUJC8:TGCGGGTTCGGAAACGx,mt4Rf
possorted_genome_bam_NUJC8:TGTGTTTCATCGGTTAx,mt4Rf
possorted_genome_bam_NUJC8:TTAGGACGTTTAGCTGx,mt4Rf
possorted_genome_bam_NUJC8:TGTATTCAGTCTTGCAx,mt4Rf
possorted_genome_bam_NUJC8:TGTGGTATCTGCCAGGx,mt4Rf
possorted_genome_bam_NUJC8:TGGTTCCTCTCCAACCx,mt4Rf
possorted_genome_bam_NUJC8:TTAGGACTCGATAGAAx,mt4Rf
possorted_genome_bam_NUJC8:TGGTTCCGTGCCTGCAx,mt4Rf
possorted_genome_bam_NUJC8:TTAGGACTCCGTTGCTx,mt4Rf
possorted_genome_bam_NUJC8:TGGTTCCAGACGACGTx,mt4Rf
possorted_genome_bam_NUJC8:TTAACTCTCTGTACGAx,mt4Rf
possorted_genome_bam_NUJC8:TGTATTCAGCAATATGx,mt4Rf
possorted_genome_bam_NUJC8:TGTGTTTCATATACCGx,mt4Rf
possorted_genome_bam_NUJC8:TGTGGTAGTACCGGCTx,mt4Rf
possorted_genome_bam_NUJC8:TGTCCCACACGGTAAGx,mt4Rf
possorted_genome_bam_NUJC8:TGTCCCAAGACTAGATx,mt4Rf
possorted_genome_bam_NUJC8:TGGTTAGGTTTACTCTx,mt4Rf
possorted_genome_bam_NUJC8:TGGTTCCGTATGAATGx,mt4Rf
possorted_genome_bam_NUJC8:TTAGGACAGTGGGATCx,mt4Rf
possorted_genome_bam_NUJC8:TGTGGTATCTGATTCTx,mt4Rf
possorted_genome_bam_NUJC8:TGTCCCACATGTTGACx,mt4Rf
possorted_genome_bam_NUJC8:TGGTTCCAGCACACAGx,mt4Rf
possorted_genome_bam_NUJC8:TGTTCCGAGTGTGGCAx,mt4Rf
possorted_genome_bam_NUJC8:TTAACTCAGAGACTTAx,mt4Rf
possorted_genome_bam_NUJC8:TTAGGCAAGAACAATCx,mt4Rf
possorted_genome_bam_NUJC8:TGTCCCACACGAAGCAx,mt4Rf
possorted_genome_bam_NUJC8:TGTATTCCACAGACTTx,mt4Rf
possorted_genome_bam_NUJC8:TTAGGACTCACCGTAAx,mt4Rf
possorted_genome_bam_NUJC8:TGTGTTTCATAGGATAx,mt4Rf
possorted_genome_bam_NUJC8:TTAGGACGTTCCACGGx,mt4Rf
possorted_genome_bam_NUJC8:TGTGGTAGTCCGTCAGx,mt4Rf
possorted_genome_bam_NUJC8:TTAGGCAAGGCATGTGx,mt4Rf
possorted_genome_bam_NUJC8:TGTTCCGCACAGCCCAx,mt4Rf
possorted_genome_bam_NUJC8:TGTGGTAGTAAAGGAGx,mt4Rf
possorted_genome_bam_NUJC8:TGTGGTATCGTAGGTTx,mt4Rf
possorted_genome_bam_NUJC8:TGTTCCGAGGGTGTTGx,mt4Rf
possorted_genome_bam_NUJC8:TGTGTTTAGGTGTGGTx,mt4Rf
possorted_genome_bam_NUJC8:TGTTCCGAGAATAGGGx,mt4Rf
possorted_genome_bam_NUJC8:TGTGGTAAGTGCGTGAx,mt4Rf
possorted_genome_bam_NUJC8:TGTTCCGTCACTTCATx,mt4Rf
possorted_genome_bam_NUJC8:TGTGTTTGTGGCCCTAx,mt4Rf
possorted_genome_bam_NUJC8:TGGTTAGCACAGCGTCx,mt4Rf
possorted_genome_bam_NUJC8:TGTGGTACAGTCAGCCx,mt4Rf
possorted_genome_bam_NUJC8:TGGTTAGGTCTAAAGAx,mt4Rf
possorted_genome_bam_NUJC8:TGTATTCCAGTTCATGx,mt4Rf
possorted_genome_bam_NUJC8:TGGTTAGCATTGCGGCx,mt4Rf
possorted_genome_bam_NUJC8:TGTGTTTTCACCAGGCx,mt4Rf
possorted_genome_bam_NUJC8:TGTTCCGGTGCCTGCAx,mt4Rf
possorted_genome_bam_NUJC8:TGGTTAGGTTAAAGTGx,mt4Rf
possorted_genome_bam_NUJC8:TGGTTAGGTAGCTTGTx,mt4Rf
possorted_genome_bam_NUJC8:TGTGGTACAGGACCCTx,mt4Rf
possorted_genome_bam_NUJC8:TTAGGCAAGATGAGAGx,mt4Rf
possorted_genome_bam_NUJC8:TTAGGACTCAGTGCATx,mt4Rf
possorted_genome_bam_NUJC8:TGTGGTATCAGTCAGTx,mt4Rf
possorted_genome_bam_NUJC8:TGTATTCCATCGGTTAx,mt4Rf
possorted_genome_bam_NUJC8:TGGTTAGCAAACTGTCx,mt4Rf
possorted_genome_bam_NUJC8:TGGTTCCCATTTCAGGx,mt4Rf
possorted_genome_bam_NUJC8:TTAGGACAGATCGATAx,mt4Rf
possorted_genome_bam_NUJC8:TTAGGACCATACGCCGx,mt4Rf
possorted_genome_bam_NUJC8:TGGTTAGTCACCACCTx,mt4Rf
possorted_genome_bam_NUJC8:TGGTTAGGTTAAGTAGx,mt4Rf
possorted_genome_bam_NUJC8:TGTGTTTGTGTTCGATx,mt4Rf
possorted_genome_bam_NUJC8:TGTTCCGGTAGTAGTAx,mt4Rf
possorted_genome_bam_NUJC8:TGTATTCTCAAGATCCx,mt4Rf
possorted_genome_bam_NUJC8:TGTTCCGCAGACTCGCx,mt4Rf
possorted_genome_bam_NUJC8:TTAGGACCAAGTTGTCx,mt4Rf
possorted_genome_bam_NUJC8:TGTCCCAGTCAATGTCx,mt4Rf
possorted_genome_bam_NUJC8:TTAACTCCAGGGAGAGx,mt4Rf
possorted_genome_bam_NUJC8:TTAGGACAGAAGCCCAx,mt4Rf
possorted_genome_bam_NUJC8:TTAGGACGTTGTCGCGx,mt4Rf
possorted_genome_bam_NUJC8:TGGTTCCAGGATCGCAx,mt4Rf
possorted_genome_bam_NUJC8:TGGTTAGAGTTAGCGGx,mt4Rf
possorted_genome_bam_NUJC8:TGTGTTTGTCATACTGx,mt4Rf
possorted_genome_bam_NUJC8:TTAACTCAGCTGCGAAx,mt4Rf
possorted_genome_bam_NUJC8:TTAACTCGTTGAGGTGx,mt4Rf
possorted_genome_bam_NUJC8:TGGTTCCAGACTTTCGx,mt4Rf
possorted_genome_bam_NUJC8:TGTGGTAAGCGTTGCCx,mt4Rf
possorted_genome_bam_NUJC8:TTAACTCTCCCGACTTx,mt4Rf
possorted_genome_bam_NUJC8:TGTGTTTTCTCGCTTGx,mt4Rf
possorted_genome_bam_NUJC8:TGGTTCCCAGAGCCAAx,mt4Rf
possorted_genome_bam_NUJC8:TGTGGTAAGCTCCCAGx,mt4Rf
possorted_genome_bam_NUJC8:TTAACTCAGTAGGCCAx,mt4Rf
possorted_genome_bam_NUJC8:TTAGGCAAGGCGATACx,mt4Rf
possorted_genome_bam_NUJC8:TGTATTCCATTACCTTx,mt4Rf
possorted_genome_bam_NUJC8:TGGTTAGAGCCGTCGTx,mt4Rf
possorted_genome_bam_NUJC8:TGTTCCGGTTACGTCAx,mt4Rf
possorted_genome_bam_NUJC8:TGGTTCCTCGAGGTAGx,mt4Rf
possorted_genome_bam_NUJC8:TGTGTTTCACCAGGTCx,mt4Rf
possorted_genome_bam_NUJC8:TGGTTAGGTCACAAGGx,mt4Rf
possorted_genome_bam_NUJC8:TGGTTCCAGCTTCGCGx,mt4Rf
possorted_genome_bam_NUJC8:TGGTTCCGTAGCCTCGx,mt4Rf
possorted_genome_bam_NUJC8:TGTCCCAAGTAGGCCAx,mt4Rf
possorted_genome_bam_NUJC8:TTAGGACGTAAGGGCTx,mt4Rf
possorted_genome_bam_NUJC8:TGGTTCCCAAATTGCCx,mt4Rf
possorted_genome_bam_NUJC8:TGTATTCAGTGTTGAAx,mt4Rf
possorted_genome_bam_NUJC8:TGTGTTTCAGGGAGAGx,mt4Rf
possorted_genome_bam_NUJC8:TTAGGACTCCTAGAACx,mt4Rf
possorted_genome_bam_NUJC8:TTAGGACCACCTGGTGx,mt4Rf
possorted_genome_bam_NUJC8:TTCGGTCGTCTCTTTAx,mt4Rf
possorted_genome_bam_NUJC8:TTAGTTCGTAATAGCAx,mt4Rf
possorted_genome_bam_NUJC8:TTCGAAGGTTCTCATTx,mt4Rf
possorted_genome_bam_NUJC8:TTATGCTCAGGTCGTCx,mt4Rf
possorted_genome_bam_NUJC8:TTCGGTCGTCTCTTATx,mt4Rf
possorted_genome_bam_NUJC8:TTCGAAGCATGGTTGTx,mt4Rf
possorted_genome_bam_NUJC8:TTCTCAACATTCGACAx,mt4Rf
possorted_genome_bam_NUJC8:TTAGTTCAGACTTGAAx,mt4Rf
possorted_genome_bam_NUJC8:TTCGGTCTCTTGGGTAx,mt4Rf
possorted_genome_bam_NUJC8:TTATGCTGTCGCGTGTx,mt4Rf
possorted_genome_bam_NUJC8:TTCCCAGCATTCCTGCx,mt4Rf
possorted_genome_bam_NUJC8:TTCTACAGTGATGTCTx,mt4Rf
possorted_genome_bam_NUJC8:TTCCCAGAGTAGTGCGx,mt4Rf
possorted_genome_bam_NUJC8:TTAGTTCTCTTTAGTCx,mt4Rf
possorted_genome_bam_NUJC8:TTCGGTCTCGCGCCAAx,mt4Rf
possorted_genome_bam_NUJC8:TTCGGTCAGAGCTGCAx,mt4Rf
possorted_genome_bam_NUJC8:TTCTACATCTGTTGAGx,mt4Rf
possorted_genome_bam_NUJC8:TTCTCCTTCTGAGGGAx,mt4Rf
possorted_genome_bam_NUJC8:TTAGGCAAGTCGTACTx,mt4Rf
possorted_genome_bam_NUJC8:TTATGCTTCAGTACGTx,mt4Rf
possorted_genome_bam_NUJC8:TTCCCAGTCCACGCAGx,mt4Rf
possorted_genome_bam_NUJC8:TTAGTTCCAAGGCTCCx,mt4Rf
possorted_genome_bam_NUJC8:TTCGAAGCATACGCTAx,mt4Rf
possorted_genome_bam_NUJC8:TTCCCAGTCTCGCATCx,mt4Rf
possorted_genome_bam_NUJC8:TTCTACACATATGCTGx,mt4Rf
possorted_genome_bam_NUJC8:TTAGTTCGTGAGGGAGx,mt4Rf
possorted_genome_bam_NUJC8:TTCTCCTTCGTTGCCTx,mt4Rf
possorted_genome_bam_NUJC8:TTCTACATCTCGAGTAx,mt4Rf
possorted_genome_bam_NUJC8:TTCCCAGGTGACTCATx,mt4Rf
possorted_genome_bam_NUJC8:TTCCCAGAGTAAGTACx,mt4Rf
possorted_genome_bam_NUJC8:TTATGCTGTCGAACAGx,mt4Rf
possorted_genome_bam_NUJC8:TTATGCTGTAATCACCx,mt4Rf
possorted_genome_bam_NUJC8:TTAGTTCAGACGACGTx,mt4Rf
possorted_genome_bam_NUJC8:TTCTCAAAGCTCTCGGx,mt4Rf
possorted_genome_bam_NUJC8:TTATGCTAGTCATGCTx,mt4Rf
possorted_genome_bam_NUJC8:TTCTCCTTCACCTCGTx,mt4Rf
possorted_genome_bam_NUJC8:TTCCCAGTCCCATTATx,mt4Rf
possorted_genome_bam_NUJC8:TTCTCCTTCTACTTACx,mt4Rf
possorted_genome_bam_NUJC8:TTCTACAGTCGAAAGCx,mt4Rf
possorted_genome_bam_NUJC8:TTCGGTCTCGTTGCCTx,mt4Rf
possorted_genome_bam_NUJC8:TTCTACAGTCTAAACCx,mt4Rf
possorted_genome_bam_NUJC8:TTCCCAGCATTAACCGx,mt4Rf
possorted_genome_bam_NUJC8:TTCTACATCCAAACACx,mt4Rf
possorted_genome_bam_NUJC8:TTCTCCTCAGTCTTCCx,mt4Rf
possorted_genome_bam_NUJC8:TTCTACAAGATGTAACx,mt4Rf
possorted_genome_bam_NUJC8:TTATGCTGTCGCATCGx,mt4Rf
possorted_genome_bam_NUJC8:TTAGGCACAATGAATGx,mt4Rf
possorted_genome_bam_NUJC8:TTCTACATCGGCTTGGx,mt4Rf
possorted_genome_bam_NUJC8:TTCTACATCTTGTCATx,mt4Rf
possorted_genome_bam_NUJC8:TTCTACACAATGCCATx,mt4Rf
possorted_genome_bam_NUJC8:TTCTACATCCCGACTTx,mt4Rf
possorted_genome_bam_NUJC8:TTCTCAATCTGACCTCx,mt4Rf
possorted_genome_bam_NUJC8:TTCTACACATTATCTCx,mt4Rf
possorted_genome_bam_NUJC8:TTCGAAGCACGAAAGCx,mt4Rf
possorted_genome_bam_NUJC8:TTCTACAAGACTAAGTx,mt4Rf
possorted_genome_bam_NUJC8:TTCTCCTGTGTGCCTGx,mt4Rf
possorted_genome_bam_NUJC8:TTAGTTCCAACAACCTx,mt4Rf
possorted_genome_bam_NUJC8:TTCTCCTAGTGTACGGx,mt4Rf
possorted_genome_bam_NUJC8:TTCTCAATCCAAACACx,mt4Rf
possorted_genome_bam_NUJC8:TTCGGTCCACAGGAGTx,mt4Rf
possorted_genome_bam_NUJC8:TTAGGCAGTGATAAGTx,mt4Rf
possorted_genome_bam_NUJC8:TTAGGCATCTGCGACGx,mt4Rf
possorted_genome_bam_NUJC8:TTATGCTTCGGCGCTAx,mt4Rf
possorted_genome_bam_NUJC8:TTCTACAGTCTAGAGGx,mt4Rf
possorted_genome_bam_NUJC8:TTCTACAGTCGCATCGx,mt4Rf
possorted_genome_bam_NUJC8:TTATGCTGTTCACCTCx,mt4Rf
possorted_genome_bam_NUJC8:TTCGGTCTCTGTCCGTx,mt4Rf
possorted_genome_bam_NUJC8:TTCTCCTCAGTATAAGx,mt4Rf
possorted_genome_bam_NUJC8:TTAGGCACACGACGAAx,mt4Rf
possorted_genome_bam_NUJC8:TTATGCTCAATGACCTx,mt4Rf
possorted_genome_bam_NUJC8:TTCGGTCAGTACACCTx,mt4Rf
possorted_genome_bam_NUJC8:TTCTCAATCGTTGACAx,mt4Rf
possorted_genome_bam_NUJC8:TTCTCAAAGAGACTATx,mt4Rf
possorted_genome_bam_NUJC8:TTCGGTCAGCTCCTCTx,mt4Rf
possorted_genome_bam_NUJC8:TTAGGCATCGGCGCATx,mt4Rf
possorted_genome_bam_NUJC8:TTCTCCTGTTTGACACx,mt4Rf
possorted_genome_bam_NUJC8:TTCGAAGTCAGTGTTGx,mt4Rf
possorted_genome_bam_NUJC8:TTATGCTGTGTGGCTCx,mt4Rf
possorted_genome_bam_NUJC8:TTCGAAGAGTTATCGCx,mt4Rf
possorted_genome_bam_NUJC8:TTCGGTCTCGCCTGAGx,mt4Rf
possorted_genome_bam_NUJC8:TTATGCTGTATTACCGx,mt4Rf
possorted_genome_bam_NUJC8:TTATGCTGTCTCACCTx,mt4Rf
possorted_genome_bam_NUJC8:TTCTCCTCACTTGGATx,mt4Rf
possorted_genome_bam_NUJC8:TTCGGTCGTAACGTTCx,mt4Rf
possorted_genome_bam_NUJC8:TTCCCAGGTTCATGGTx,mt4Rf
possorted_genome_bam_NUJC8:TTAGGCAGTAGTAGTAx,mt4Rf
possorted_genome_bam_NUJC8:TTATGCTGTACACCGCx,mt4Rf
possorted_genome_bam_NUJC8:TTAGTTCGTCCTCCATx,mt4Rf
possorted_genome_bam_NUJC8:TTCGGTCCAATCCAACx,mt4Rf
possorted_genome_bam_NUJC8:TTCTTAGAGTGAATTGx,mt4Rf
possorted_genome_bam_NUJC8:TTCTTAGAGATCCCATx,mt4Rf
possorted_genome_bam_NUJC8:TTCTACAAGTACCGGAx,mt4Rf
possorted_genome_bam_NUJC8:TTAGGCATCTCTAGGAx,mt4Rf
possorted_genome_bam_NUJC8:TTAGTTCAGTAGCGGTx,mt4Rf
possorted_genome_bam_NUJC8:TTCGGTCAGAACTGTAx,mt4Rf
possorted_genome_bam_NUJC8:TTCCCAGTCGCGCCAAx,mt4Rf
possorted_genome_bam_NUJC8:TTCTACAGTGTGAAATx,mt4Rf
possorted_genome_bam_NUJC8:TTCTCAAGTATGAAACx,mt4Rf
possorted_genome_bam_NUJC8:TTCGAAGCAATCTGCAx,mt4Rf
possorted_genome_bam_NUJC8:TTCTTAGTCTGGTGTAx,mt4Rf
possorted_genome_bam_NUJC8:TTGCGTCGTTAAGAACx,mt4Rf
possorted_genome_bam_NUJC8:TTTATGCAGCTAGTGGx,mt4Rf
possorted_genome_bam_NUJC8:TTTCCTCAGTGGTCCCx,mt4Rf
possorted_genome_bam_NUJC8:TTGCGTCCACGGTGTCx,mt4Rf
possorted_genome_bam_NUJC8:TTGCCGTCATCCGGGTx,mt4Rf
possorted_genome_bam_NUJC8:TTGCGTCTCAACTCTTx,mt4Rf
possorted_genome_bam_NUJC8:TTGCGTCAGAATAGGGx,mt4Rf
possorted_genome_bam_NUJC8:TTGTAGGCACATGTGTx,mt4Rf
possorted_genome_bam_NUJC8:TTTGGTTCAAGCTGGAx,mt4Rf
possorted_genome_bam_NUJC8:TTGCGTCCACTCTGTCx,mt4Rf
possorted_genome_bam_NUJC8:TTTACTGTCCAGATCAx,mt4Rf
possorted_genome_bam_NUJC8:TTTATGCGTTTAGCTGx,mt4Rf
possorted_genome_bam_NUJC8:TTGTAGGTCGAACGGAx,mt4Rf
possorted_genome_bam_NUJC8:TTGAACGCAGGGTATGx,mt4Rf
possorted_genome_bam_NUJC8:TTTACTGTCCACTGGGx,mt4Rf
possorted_genome_bam_NUJC8:TTGCGTCGTCTCCATCx,mt4Rf
possorted_genome_bam_NUJC8:TTGCGTCAGCACACAGx,mt4Rf
possorted_genome_bam_NUJC8:TTCTTAGTCGTCACGGx,mt4Rf
possorted_genome_bam_NUJC8:TTTATGCAGCCGTCGTx,mt4Rf
possorted_genome_bam_NUJC8:TTTATGCCACCTCGGAx,mt4Rf
possorted_genome_bam_NUJC8:TTGCCGTGTACGCTGCx,mt4Rf
possorted_genome_bam_NUJC8:TTGACTTTCGTGGGAAx,mt4Rf
possorted_genome_bam_NUJC8:TTGCGTCCAATAGCGGx,mt4Rf
possorted_genome_bam_NUJC8:TTGACTTCAGCGTTCGx,mt4Rf
possorted_genome_bam_NUJC8:TTGGCAAGTCTTCAAGx,mt4Rf
possorted_genome_bam_NUJC8:TTGAACGCAGTAAGATx,mt4Rf
possorted_genome_bam_NUJC8:TTCTTAGTCGCAGGCTx,mt4Rf
possorted_genome_bam_NUJC8:TTGTAGGGTCAGGACAx,mt4Rf
possorted_genome_bam_NUJC8:TTGGCAACATGCATGTx,mt4Rf
possorted_genome_bam_NUJC8:TTTGGTTAGTCGAGTGx,mt4Rf
possorted_genome_bam_NUJC8:TTGGAACTCAAGGCTTx,mt4Rf
possorted_genome_bam_NUJC8:TTGTAGGGTTCCGGCAx,mt4Rf
possorted_genome_bam_NUJC8:TTTATGCGTTGATTCGx,mt4Rf
possorted_genome_bam_NUJC8:TTGACTTCATGGTCTAx,mt4Rf
possorted_genome_bam_NUJC8:TTGCGTCGTGACGGTAx,mt4Rf
possorted_genome_bam_NUJC8:TTTATGCGTTCCGTCTx,mt4Rf
possorted_genome_bam_NUJC8:TTTATGCGTTCCACAAx,mt4Rf
possorted_genome_bam_NUJC8:TTGAACGAGACTGTAAx,mt4Rf
possorted_genome_bam_NUJC8:TTGAACGAGTGAACGCx,mt4Rf
possorted_genome_bam_NUJC8:TTTCCTCTCTGCGACGx,mt4Rf
possorted_genome_bam_NUJC8:TTTGGTTCAGGCAGTAx,mt4Rf
possorted_genome_bam_NUJC8:TTCTTAGGTCTTGCGGx,mt4Rf
possorted_genome_bam_NUJC8:TTGACTTAGCAGGCTAx,mt4Rf
possorted_genome_bam_NUJC8:TTGTAGGGTAAGGATTx,mt4Rf
possorted_genome_bam_NUJC8:TTTATGCTCATTGCGAx,mt4Rf
possorted_genome_bam_NUJC8:TTTGGTTAGTCCATACx,mt4Rf
possorted_genome_bam_NUJC8:TTGGCAAAGACAGAGAx,mt4Rf
possorted_genome_bam_NUJC8:TTGCGTCTCGTAGATCx,mt4Rf
possorted_genome_bam_NUJC8:TTGCCGTGTTGTTTGGx,mt4Rf
possorted_genome_bam_NUJC8:TTGCGTCTCTTCAACTx,mt4Rf
possorted_genome_bam_NUJC8:TTGGCAACATTGGTACx,mt4Rf
possorted_genome_bam_NUJC8:TTGAACGTCTGCAGTAx,mt4Rf
possorted_genome_bam_NUJC8:TTGGCAACAAGACACGx,mt4Rf
possorted_genome_bam_NUJC8:TTGTAGGCAGGTGGATx,mt4Rf
possorted_genome_bam_NUJC8:TTGGCAATCAGGATCTx,mt4Rf
possorted_genome_bam_NUJC8:TTTGCGCAGCACCGTCx,mt4Rf
possorted_genome_bam_NUJC8:TTGCCGTCACTGTTAGx,mt4Rf
possorted_genome_bam_NUJC8:TTTACTGAGCGATAGCx,mt4Rf
possorted_genome_bam_NUJC8:TTTCCTCAGTACGCCCx,mt4Rf
possorted_genome_bam_NUJC8:TTTACTGTCTTCCTTCx,mt4Rf
possorted_genome_bam_NUJC8:TTGAACGCACCGAAAGx,mt4Rf
possorted_genome_bam_NUJC8:TTGGCAAAGTCGATAAx,mt4Rf
possorted_genome_bam_NUJC8:TTCTTAGCAGCCAATTx,mt4Rf
possorted_genome_bam_NUJC8:TTCTTAGTCACTCCTGx,mt4Rf
possorted_genome_bam_NUJC8:TTGCGTCTCAACGGGAx,mt4Rf
possorted_genome_bam_NUJC8:TTGTAGGTCGTCTGAAx,mt4Rf
possorted_genome_bam_NUJC8:TTGGAACGTATCGCATx,mt4Rf
possorted_genome_bam_NUJC8:TTGACTTAGGATGCGTx,mt4Rf
possorted_genome_bam_NUJC8:TTTATGCTCTAAGCCAx,mt4Rf
possorted_genome_bam_NUJC8:TTGCGTCTCTGCGTAAx,mt4Rf
possorted_genome_bam_NUJC8:TTTATGCGTTCTGGTAx,mt4Rf
possorted_genome_bam_NUJC8:TTCTTAGCAACTGGCCx,mt4Rf
possorted_genome_bam_NUJC8:TTGGAACCAAGCCGCTx,mt4Rf
possorted_genome_bam_NUJC8:TTTGCGCGTCGACTGCx,mt4Rf
possorted_genome_bam_NUJC8:TTTATGCGTTAAGTAGx,mt4Rf
possorted_genome_bam_NUJC8:TTGGAACAGGACAGCTx,mt4Rf
possorted_genome_bam_NUJC8:TTCTTAGCAAAGGCGTx,mt4Rf
possorted_genome_bam_NUJC8:TTGCGTCTCAAAGACAx,mt4Rf
possorted_genome_bam_NUJC8:TTGGCAAGTATTCTCTx,mt4Rf
possorted_genome_bam_NUJC8:TTCTTAGCACCATCCTx,mt4Rf
possorted_genome_bam_NUJC8:TTTACTGTCCCTCAGTx,mt4Rf
possorted_genome_bam_NUJC8:TTGGAACGTACCGTATx,mt4Rf
possorted_genome_bam_NUJC8:TTGACTTTCTTAACCTx,mt4Rf
possorted_genome_bam_NUJC8:TTGCCGTCATTCTCATx,mt4Rf
possorted_genome_bam_NUJC8:TTGACTTGTGCCTGTGx,mt4Rf
possorted_genome_bam_NUJC8:TTGACTTGTCCATGATx,mt4Rf
possorted_genome_bam_NUJC8:TTTATGCAGATGTAACx,mt4Rf
possorted_genome_bam_NUJC8:TTGCGTCTCGGCATCGx,mt4Rf
possorted_genome_bam_NUJC8:TTTACTGAGGAACTGCx,mt4Rf
possorted_genome_bam_NUJC8:TTTGCGCCATGGATGGx,mt4Rf
possorted_genome_bam_NUJC8:TTTCCTCGTGGTAACGx,mt4Rf
possorted_genome_bam_NUJC8:TTGGAACCAGATCCATx,mt4Rf
possorted_genome_bam_NUJC8:TTGAACGGTCGCCATGx,mt4Rf
possorted_genome_bam_NUJC8:TTTATGCCAATCCAACx,mt4Rf
possorted_genome_bam_NUJC8:TTTATGCAGGGCATGTx,mt4Rf
possorted_genome_bam_NUJC8:TTGGAACGTACCAGTTx,mt4Rf
possorted_genome_bam_NUJC8:TTTGTCATCGGTGTCGx,mt4Rf
possorted_genome_bam_NUJC8:TTTGGTTGTGGTACAGx,mt4Rf
possorted_genome_bam_NUJC8:TTTGGTTCAGTAAGATx,mt4Rf
possorted_genome_bam_NUJC8:TTTGTCAAGTTAACGAx,mt4Rf
possorted_genome_bam_NUJC8:TTTGTCAAGATCCCGCx,mt4Rf
possorted_genome_bam_NUJC8:TTTGTCAAGAATAGGGx,mt4Rf
possorted_genome_bam_NUJC8:TTTGTCATCGCAGGCTx,mt4Rf
possorted_genome_bam_NUJC8:TTTGGTTGTGACCAAGx,mt4Rf
possorted_genome_bam_NUJC8:TTTGTCAAGACAGACCx,mt4Rf
possorted_genome_bam_NUJC8:TTTGGTTGTCGCTTCTx,mt4Rf
possorted_genome_bam_NUJC8:TTTGGTTGTGACAAATx,mt4Rf
